0.00, 0.00, 0.00, 0.00, 0.00, 0.00, 0.0000000, 0.0000000, 0.0000000, 0.0000000, 0.0000000, 0.0000000, 0.00, 0.00, 0.00, 0.00, 0.00, 
0.00, 0.00, 0.00, 0.00, 0.00, 0.00, 0.0000000, 0.0000000, 0.0000000, 0.0000000, 0.0000000, 0.0000000, 0.00, 0.00, 0.00, 0.00, 0.00, 
0.00, 0.00, 0.00, 0.00, 0.00, 0.00, 0.0000000, 0.0000000, 0.0000000, 0.0000000, 0.0000000, 0.0000000, 0.00, 0.00, 0.00, 0.00, 0.00, 
0.00, 0.00, 0.00, 0.00, 0.00, 0.00, 0.0000000, 0.0000000, 0.0000000, 0.0000000, 0.0000000, 0.0000000, 0.00, 0.00, 0.00, 0.00, 0.00, 
0.00, 0.00, 0.00, 0.00, 0.00, 0.00, 0.0000000, 0.0000000, 0.0000000, 0.0000000, 0.0000000, 0.0000000, 0.00, 0.00, 0.00, 0.00, 0.00, 
0.00, 0.00, 0.00, 0.00, 0.00, 0.00, 0.0000000, 0.0000000, 0.0000000, 0.0000000, 0.0000000, 0.0000000, 0.00, 0.00, 0.00, 0.00, 0.00, 
0.00, 0.00, 0.00, 0.00, 0.00, 0.00, 0.0000000, 0.0000000, 0.0000000, 0.0000000, 0.0000000, 0.0000000, 0.00, 0.00, 0.00, 0.00, 0.00, 
0.00, 0.00, 0.00, 0.00, 0.00, 0.00, 0.0000000, 0.0000000, 0.0000000, 0.0000000, 0.0000000, 0.0000000, 0.00, 0.00, 0.00, 0.00, 0.00, 
0.00, 0.00, 0.00, 0.00, 0.00, 0.00, 0.0000000, 0.0000000, 0.0000000, 0.0000000, 0.0000000, 0.0000000, 0.00, 0.00, 0.00, 0.00, 0.00, 
0.00, 0.00, 0.00, 0.00, 0.00, 0.00, 0.0000000, 0.0000000, 0.0000000, 0.0000000, 0.0000000, 0.0000000, 0.00, 0.00, 0.00, 0.00, 0.00, 
0.00, 0.00, 0.00, 0.00, 0.00, 0.00, 0.0000000, 0.0000000, 0.0000000, 0.0000000, 0.0000000, 0.0000000, 0.00, 0.00, 0.00, 0.00, 0.00, 
0.00, 0.00, 0.00, 0.00, 0.00, 0.00, 0.0000000, 0.0000000, 0.0000000, 0.0000000, 0.0000000, 0.0000000, 0.00, 0.00, 0.00, 0.00, 0.00, 
0.00, 0.00, 0.00, 0.00, 0.00, 0.00, 32.0350599, 118.8137105, 9.2475223, 0.0000000, 0.0000000, 0.0000000, 0.00, 0.00, 0.00, 0.00, 0.00, 
1.04, 1.79, -0.77, 0.00, 0.00, 0.00, 32.0350599, 118.8137105, 9.2475223, 0.0000000, 0.0000000, 0.0000000, 0.00, 0.00, 0.00, 0.00, 0.00, 
1.04, 1.79, -0.77, 0.00, 0.00, 0.00, 32.0350599, 118.8137105, 9.2475223, 0.0000000, 0.0000000, 0.0000000, 0.00, 0.00, 0.00, 0.00, 0.00, 
1.04, 1.79, -0.77, 0.00, 0.00, 0.00, 32.0350599, 118.8137105, 9.2475223, 0.0000000, 0.0000000, 0.0000000, 0.00, 0.00, 0.00, 0.00, 0.00, 
1.04, 1.79, -0.77, 0.00, 0.00, 0.00, 32.0350599, 118.8137105, 9.2475223, 0.0000000, 0.0000000, 0.0000000, 0.00, 0.00, 0.00, 0.00, 0.00, 
1.04, 1.79, -0.77, 0.00, 0.00, 0.00, 32.0350599, 118.8137105, 9.2475223, 0.0000000, 0.0000000, 0.0000000, 0.00, 0.00, 0.00, 0.00, 0.00, 
1.04, 1.79, -0.77, 0.00, 0.00, 0.00, 32.0350599, 118.8137105, 9.2475223, 0.0000000, 0.0000000, 0.0000000, 0.00, 0.00, 0.00, 0.00, 0.00, 
1.04, 1.79, -0.77, 0.00, 0.00, 0.00, 32.0350599, 118.8137105, 9.2475223, 0.0000000, 0.0000000, 0.0000000, 0.00, 0.00, 0.00, 0.00, 0.00, 
1.04, 1.79, -0.77, 0.00, 0.00, 0.00, 32.0350599, 118.8137105, 9.2475223, 0.0000000, 0.0000000, 0.0000000, 0.00, 0.00, 0.00, 0.00, 0.00, 
1.04, 1.79, -0.77, 0.00, 0.00, 0.00, 32.0350599, 118.8137105, 9.2475223, 0.0000000, 0.0000000, 0.0000000, 0.00, 0.00, 0.00, 0.00, 0.00, 
1.04, 1.79, -0.77, 0.00, 0.00, 0.00, 32.0350603, 118.8137110, 9.1675237, 0.0000000, 0.0000000, 0.0000000, 0.00, 0.00, 0.00, 0.00, 0.00, 
1.11, 1.86, -0.84, 0.00, 0.00, 0.00, 32.0350603, 118.8137110, 9.1675237, 0.0000000, 0.0000000, 0.0000000, 0.00, 0.00, 0.00, 0.00, 0.00, 
1.11, 1.86, -0.84, 0.00, 0.00, 0.00, 32.0350603, 118.8137110, 9.1675237, 0.0000000, 0.0000000, 0.0000000, 0.00, 0.00, 0.00, 0.00, 0.00, 
1.11, 1.86, -0.84, 0.00, 0.00, 0.00, 32.0350603, 118.8137110, 9.1675237, 0.0000000, 0.0000000, 0.0000000, 0.00, 0.00, 0.00, 0.00, 0.00, 
1.11, 1.86, -0.84, 0.00, 0.00, 0.00, 32.0350603, 118.8137110, 9.1675237, 0.0000000, 0.0000000, 0.0000000, 0.00, 0.00, 0.00, 0.00, 0.00, 
1.11, 1.86, -0.84, 0.00, 0.00, 0.00, 32.0350603, 118.8137110, 9.1675237, 0.0000000, 0.0000000, 0.0000000, 0.00, 0.00, 0.00, 0.00, 0.00, 
1.11, 1.86, -0.84, 0.00, 0.00, 0.00, 32.0350603, 118.8137110, 9.1675237, 0.0000000, 0.0000000, 0.0000000, 0.00, 0.00, 0.00, 0.00, 0.00, 
1.11, 1.86, -0.84, 0.00, 0.00, 0.00, 32.0350603, 118.8137110, 9.1675237, 0.0000000, 0.0000000, 0.0000000, 0.00, 0.00, 0.00, 0.00, 0.00, 
1.11, 1.86, -0.84, 0.00, 0.00, 0.00, 32.0350603, 118.8137110, 9.1675237, 0.0000000, 0.0000000, 0.0000000, 0.00, 0.00, 0.00, 0.00, 0.00, 
1.11, 1.86, -0.84, 0.00, 0.00, 0.00, 32.0350603, 118.8137110, 9.1675237, 0.0000000, 0.0000000, 0.0000000, 0.00, 0.00, 0.00, 0.00, 0.00, 
1.11, 1.86, -0.84, 0.00, 0.00, 0.00, 32.0350603, 118.8137110, 9.1675237, 0.0000000, 0.0000000, 0.0000000, 0.00, 0.00, 0.00, 0.00, 0.00, 
1.11, 1.86, -0.84, 0.00, 0.00, 0.00, 32.0350603, 118.8137110, 9.1675237, 0.0000000, 0.0000000, 0.0000000, 0.00, 0.00, 0.00, 0.00, 0.00, 
1.11, 1.86, -0.84, 0.00, 0.00, 0.00, 32.0350605, 118.8137113, 9.2275246, 0.0000000, 0.0000000, 0.0000000, 0.00, 0.00, 0.00, 0.00, 0.00, 
1.14, 1.89, -0.81, 0.00, 0.00, 0.00, 32.0350605, 118.8137113, 9.2275246, 0.0000000, 0.0000000, 0.0000000, 0.00, 0.00, 0.00, 0.00, 0.00, 
1.14, 1.89, -0.81, 0.00, 0.00, 0.00, 32.0350605, 118.8137113, 9.2275246, 0.0000000, 0.0000000, 0.0000000, 0.00, 0.00, 0.00, 0.00, 0.00, 
1.14, 1.89, -0.81, 0.00, 0.00, 0.00, 32.0350605, 118.8137113, 9.2275246, 0.0000000, 0.0000000, 0.0000000, 0.00, 0.00, 0.00, 0.00, 0.00, 
1.14, 1.89, -0.81, 0.00, 0.00, 0.00, 32.0350605, 118.8137113, 9.2275246, 0.0000000, 0.0000000, 0.0000000, 0.00, 0.00, 0.00, 0.00, 0.00, 
1.14, 1.89, -0.81, 0.00, 0.00, 0.00, 32.0350605, 118.8137113, 9.2275246, 0.0000000, 0.0000000, 0.0000000, 0.00, 0.00, 0.00, 0.00, 0.00, 
1.14, 1.89, -0.81, 0.00, 0.00, 0.00, 32.0350605, 118.8137113, 9.2275246, 0.0000000, 0.0000000, 0.0000000, 0.00, 0.00, 0.00, 0.00, 0.00, 
1.14, 1.89, -0.81, 0.00, 0.00, 0.00, 32.0350605, 118.8137113, 9.2275246, 0.0000000, 0.0000000, 0.0000000, 0.00, 0.00, 0.00, 0.00, 0.00, 
1.14, 1.89, -0.81, 0.00, 0.00, 0.00, 32.0350605, 118.8137113, 9.2275246, 0.0000000, 0.0000000, 0.0000000, 0.00, 0.00, 0.00, 0.00, 0.00, 
1.14, 1.89, -0.81, 0.00, 0.00, 0.00, 32.0350608, 118.8137120, 9.2475267, 0.0000000, 0.0000000, 0.0000000, 0.00, 0.00, 0.00, 0.00, 0.00, 
1.19, 1.92, -0.79, 0.00, 0.00, 0.00, 32.0350608, 118.8137120, 9.2475267, 0.0000000, 0.0000000, 0.0000000, 0.00, 0.00, 0.00, 0.00, 0.00, 
1.19, 1.92, -0.79, 0.00, 0.00, 0.00, 32.0350608, 118.8137120, 9.2475267, 0.0000000, 0.0000000, 0.0000000, 0.00, 0.00, 0.00, 0.00, 0.00, 
1.19, 1.92, -0.79, 0.00, 0.00, 0.00, 32.0350608, 118.8137120, 9.2475267, 0.0000000, 0.0000000, 0.0000000, 0.00, 0.00, 0.00, 0.00, 0.00, 
1.19, 1.92, -0.79, 0.00, 0.00, 0.00, 32.0350608, 118.8137120, 9.2475267, 0.0000000, 0.0000000, 0.0000000, 0.00, 0.00, 0.00, 0.00, 0.00, 
1.19, 1.92, -0.79, 0.00, 0.00, 0.00, 32.0350608, 118.8137120, 9.2475267, 0.0000000, 0.0000000, 0.0000000, 0.00, 0.00, 0.00, 0.00, 0.00, 
1.19, 1.92, -0.79, 0.00, 0.00, 0.00, 32.0350608, 118.8137120, 9.2475267, 0.0000000, 0.0000000, 0.0000000, 0.00, 0.00, 0.00, 0.00, 0.00, 
1.19, 1.92, -0.79, 0.00, 0.00, 0.00, 32.0350608, 118.8137120, 9.2475267, 0.0000000, 0.0000000, 0.0000000, 0.00, 0.00, 0.00, 0.00, 0.00, 
1.19, 1.92, -0.79, 0.00, 0.00, 0.00, 32.0350608, 118.8137120, 9.2475267, 0.0000000, 0.0000000, 0.0000000, 0.00, 0.00, 0.00, 0.00, 0.00, 
1.19, 1.92, -0.79, 0.00, 0.00, 0.00, 32.0350608, 118.8137120, 9.2475267, 0.0000000, 0.0000000, 0.0000000, 0.00, 0.00, 0.00, 0.00, 0.00, 
1.19, 1.92, -0.79, 0.00, 0.00, 0.00, 32.0350608, 118.8137120, 9.2475267, 0.0000000, 0.0000000, 0.0000000, 0.00, 0.00, 0.00, 0.00, 0.00, 
1.19, 1.92, -0.79, 0.00, 0.00, 0.00, 32.0350614, 118.8137130, 9.2475297, 0.0000000, 0.0000000, 0.0000000, 0.00, 0.00, 0.00, 0.00, 0.00, 
1.27, 1.96, -0.83, 0.00, 0.00, 0.00, 32.0350614, 118.8137130, 9.2475297, 0.0000000, 0.0000000, 0.0000000, 0.00, 0.00, 0.00, 0.00, 0.00, 
1.27, 1.96, -0.83, 0.00, 0.00, 0.00, 32.0350614, 118.8137130, 9.2475297, 0.0000000, 0.0000000, 0.0000000, 0.00, 0.00, 0.00, 0.00, 0.00, 
1.27, 1.96, -0.83, 0.00, 0.00, 0.00, 32.0350614, 118.8137130, 9.2475297, 0.0000000, 0.0000000, 0.0000000, 0.00, 0.00, 0.00, 0.00, 0.00, 
1.27, 1.96, -0.83, 0.00, 0.00, 0.00, 32.0350614, 118.8137130, 9.2475297, 0.0000000, 0.0000000, 0.0000000, 0.00, 0.00, 0.00, 0.00, 0.00, 
1.27, 1.96, -0.83, 0.00, 0.00, 0.00, 32.0350614, 118.8137130, 9.2475297, 0.0000000, 0.0000000, 0.0000000, 0.00, 0.00, 0.00, 0.00, 0.00, 
1.27, 1.96, -0.83, 0.00, 0.00, 0.00, 32.0350614, 118.8137130, 9.2475297, 0.0000000, 0.0000000, 0.0000000, 0.00, 0.00, 0.00, 0.00, 0.00, 
1.27, 1.96, -0.83, 0.00, 0.00, 0.00, 32.0350614, 118.8137130, 9.2475297, 0.0000000, 0.0000000, 0.0000000, 0.00, 0.00, 0.00, 0.00, 0.00, 
1.27, 1.96, -0.83, 0.00, 0.00, 0.00, 32.0350614, 118.8137130, 9.2475297, 0.0000000, 0.0000000, 0.0000000, 0.00, 0.00, 0.00, 0.00, 0.00, 
1.27, 1.96, -0.83, 0.00, 0.00, 0.00, 32.0350614, 118.8137130, 9.2475297, 0.0000000, 0.0000000, 0.0000000, 0.00, 0.00, 0.00, 0.00, 0.00, 
1.27, 1.96, -0.83, 0.00, 0.00, 0.00, 32.0350621, 118.8137142, 9.2175333, 0.0000000, 0.0000000, 0.0000000, 0.00, 0.00, 0.00, 0.00, 0.00, 
1.39, 2.04, -0.88, 0.00, 0.00, 0.00, 32.0350621, 118.8137142, 9.2175333, 0.0000000, 0.0000000, 0.0000000, 0.00, 0.00, 0.00, 0.00, 0.00, 
1.39, 2.04, -0.88, 0.00, 0.00, 0.00, 32.0350621, 118.8137142, 9.2175333, 0.0000000, 0.0000000, 0.0000000, 0.00, 0.00, 0.00, 0.00, 0.00, 
1.39, 2.04, -0.88, 0.00, 0.00, 0.00, 32.0350621, 118.8137142, 9.2175333, 0.0000000, 0.0000000, 0.0000000, 0.00, 0.00, 0.00, 0.00, 0.00, 
1.39, 2.04, -0.88, 0.00, 0.00, 0.00, 32.0350621, 118.8137142, 9.2175333, 0.0000000, 0.0000000, 0.0000000, 0.00, 0.00, 0.00, 0.00, 0.00, 
1.39, 2.04, -0.88, 0.00, 0.00, 0.00, 32.0350621, 118.8137142, 9.2175333, 0.0000000, 0.0000000, 0.0000000, 0.00, 0.00, 0.00, 0.00, 0.00, 
1.39, 2.04, -0.88, 0.00, 0.00, 0.00, 32.0350621, 118.8137142, 9.2175333, 0.0000000, 0.0000000, 0.0000000, 0.00, 0.00, 0.00, 0.00, 0.00, 
1.39, 2.04, -0.88, 0.00, 0.00, 0.00, 32.0350621, 118.8137142, 9.2175333, 0.0000000, 0.0000000, 0.0000000, 0.00, 0.00, 0.00, 0.00, 0.00, 
1.39, 2.04, -0.88, 0.00, 0.00, 0.00, 32.0350621, 118.8137142, 9.2175333, 0.0000000, 0.0000000, 0.0000000, 0.00, 0.00, 0.00, 0.00, 0.00, 
1.39, 2.04, -0.88, 0.00, 0.00, 0.00, 32.0350621, 118.8137142, 9.2175333, 0.0000000, 0.0000000, 0.0000000, 0.00, 0.00, 0.00, 0.00, 0.00, 
1.39, 2.04, -0.88, 0.00, 0.00, 0.00, 32.0350621, 118.8137142, 9.2175333, 0.0000000, 0.0000000, 0.0000000, 0.00, 0.00, 0.00, 0.00, 0.00, 
1.39, 2.04, -0.88, 0.00, 0.00, 0.00, 32.0350627, 118.8137146, 9.3075342, 0.0000000, 0.0000000, 0.0000000, 0.00, 0.00, 0.00, 0.00, 0.00, 
1.45, 2.10, -0.90, 0.00, 0.00, 0.00, 32.0350627, 118.8137146, 9.3075342, 0.0000000, 0.0000000, 0.0000000, 0.00, 0.00, 0.00, 0.00, 0.00, 
1.45, 2.10, -0.90, 0.00, 0.00, 0.00, 32.0350627, 118.8137146, 9.3075342, 0.0000000, 0.0000000, 0.0000000, 0.00, 0.00, 0.00, 0.00, 0.00, 
1.45, 2.10, -0.90, 0.00, 0.00, 0.00, 32.0350627, 118.8137146, 9.3075342, 0.0000000, 0.0000000, 0.0000000, 0.00, 0.00, 0.00, 0.00, 0.00, 
1.45, 2.10, -0.90, 0.00, 0.00, 0.00, 32.0350627, 118.8137146, 9.3075342, 0.0000000, 0.0000000, 0.0000000, 0.00, 0.00, 0.00, 0.00, 0.00, 
1.45, 2.10, -0.90, 0.00, 0.00, 0.00, 32.0350627, 118.8137146, 9.3075342, 0.0000000, 0.0000000, 0.0000000, 0.00, 0.00, 0.00, 0.00, 0.00, 
1.45, 2.10, -0.90, 0.00, 0.00, 0.00, 32.0350627, 118.8137146, 9.3075342, 0.0000000, 0.0000000, 0.0000000, 0.00, 0.00, 0.00, 0.00, 0.00, 
1.45, 2.10, -0.90, 0.00, 0.00, 0.00, 32.0350627, 118.8137146, 9.3075342, 0.0000000, 0.0000000, 0.0000000, 0.00, 0.00, 0.00, 0.00, 0.00, 
1.45, 2.10, -0.90, 0.00, 0.00, 0.00, 32.0350627, 118.8137146, 9.3075342, 0.0000000, 0.0000000, 0.0000000, 0.00, 0.00, 0.00, 0.00, 0.00, 
1.45, 2.10, -0.90, 0.00, 0.00, 0.00, 32.0350627, 118.8137146, 9.3075342, 0.0000000, 0.0000000, 0.0000000, 0.00, 0.00, 0.00, 0.00, 0.00, 
1.45, 2.10, -0.90, 0.00, 0.00, 0.00, 32.0350632, 118.8137152, 9.4075359, 0.0000000, 0.0000000, 0.0000000, 0.00, 0.00, 0.00, 0.00, 0.00, 
1.50, 2.15, -0.89, 0.00, 0.00, 0.00, 32.0350632, 118.8137152, 9.4075359, 0.0000000, 0.0000000, 0.0000000, 0.00, 0.00, 0.00, 0.00, 0.00, 
1.50, 2.15, -0.89, 0.00, 0.00, 0.00, 32.0350632, 118.8137152, 9.4075359, 0.0000000, 0.0000000, 0.0000000, 0.00, 0.00, 0.00, 0.00, 0.00, 
1.50, 2.15, -0.89, 0.00, 0.00, 0.00, 32.0350632, 118.8137152, 9.4075359, 0.0000000, 0.0000000, 0.0000000, 0.00, 0.00, 0.00, 0.00, 0.00, 
1.50, 2.15, -0.89, 0.00, 0.00, 0.00, 32.0350632, 118.8137152, 9.4075359, 0.0000000, 0.0000000, 0.0000000, 0.00, 0.00, 0.00, 0.00, 0.00, 
1.50, 2.15, -0.89, 0.00, 0.00, 0.00, 32.0350632, 118.8137152, 9.4075359, 0.0000000, 0.0000000, 0.0000000, 0.00, 0.00, 0.00, 0.00, 0.00, 
1.50, 2.15, -0.89, 0.00, 0.00, 0.00, 32.0350632, 118.8137152, 9.4075359, 0.0000000, 0.0000000, 0.0000000, 0.00, 0.00, 0.00, 0.00, 0.00, 
1.50, 2.15, -0.89, 0.00, 0.00, 0.00, 32.0350632, 118.8137152, 9.4075359, 0.0000000, 0.0000000, 0.0000000, 0.00, 0.00, 0.00, 0.00, 0.00, 
1.50, 2.15, -0.89, 0.00, 0.00, 0.00, 32.0350632, 118.8137152, 9.4075359, 0.0000000, 0.0000000, 0.0000000, 0.00, 0.00, 0.00, 0.00, 0.00, 
1.50, 2.15, -0.89, 0.00, 0.00, 0.00, 32.0350632, 118.8137152, 9.4075359, 0.0000000, 0.0000000, 0.0000000, 0.00, 0.00, 0.00, 0.00, 0.00, 
1.50, 2.15, -0.89, 0.00, 0.00, 0.00, 32.0350632, 118.8137152, 9.4075359, 0.0000000, 0.0000000, 0.0000000, 0.00, 0.00, 0.00, 0.00, 0.00, 
1.53, 2.19, -0.87, 0.00, 0.00, 0.00, 32.0350634, 118.8137153, 9.5575362, 0.0000000, 0.0000000, 0.0000000, 0.00, 0.00, 0.00, 0.00, 0.00, 
1.53, 2.19, -0.87, 0.00, 0.00, 0.00, 32.0350634, 118.8137153, 9.5575362, 0.0000000, 0.0000000, 0.0000000, 0.00, 0.00, 0.00, 0.00, 0.00, 
1.53, 2.19, -0.87, 0.00, 0.00, 0.00, 32.0350634, 118.8137153, 9.5575362, 0.0000000, 0.0000000, 0.0000000, 0.00, 0.00, 0.00, 0.00, 0.00, 
1.53, 2.19, -0.87, 0.00, 0.00, 0.00, 32.0350634, 118.8137153, 9.5575362, 0.0000000, 0.0000000, 0.0000000, 0.00, 0.00, 0.00, 0.00, 0.00, 
1.53, 2.19, -0.87, 0.00, 0.00, 0.00, 32.0350634, 118.8137153, 9.5575362, 0.0000000, 0.0000000, 0.0000000, 0.00, 0.00, 0.00, 0.00, 0.00, 
1.53, 2.19, -0.87, 0.00, 0.00, 0.00, 32.0350634, 118.8137153, 9.5575362, 0.0000000, 0.0000000, 0.0000000, 0.00, 0.00, 0.00, 0.00, 0.00, 
1.53, 2.19, -0.87, 0.00, 0.00, 0.00, 32.0350634, 118.8137153, 9.5575362, 0.0000000, 0.0000000, 0.0000000, 0.00, 0.00, 0.00, 0.00, 0.00, 
1.53, 2.19, -0.87, 0.00, 0.00, 0.00, 32.0350634, 118.8137153, 9.5575362, 0.0000000, 0.0000000, 0.0000000, 0.00, 0.00, 0.00, 0.00, 0.00, 
1.53, 2.19, -0.87, 0.00, 0.00, 0.00, 32.0350634, 118.8137153, 9.5575362, 0.0000000, 0.0000000, 0.0000000, 0.00, 0.00, 0.00, 0.00, 0.00, 
1.53, 2.19, -0.87, 0.00, 0.00, 0.00, 32.0350634, 118.8137153, 9.5575362, 0.0000000, 0.0000000, 0.0000000, 0.00, 0.00, 0.00, 0.00, 0.00, 
1.53, 2.19, -0.87, 0.00, 0.00, 0.00, 32.0350638, 118.8137154, 9.7375362, 0.0000000, 0.0000000, 0.0000000, 0.00, 0.00, 0.00, 0.00, 0.00, 
1.53, 2.19, -0.87, 0.00, 0.00, 0.00, 32.0350638, 118.8137154, 9.7375362, 0.0000000, 0.0000000, 0.0000000, 0.00, 0.00, 0.00, 0.00, 0.00, 
1.56, 2.24, -0.87, 0.00, 0.00, 0.00, 32.0350638, 118.8137154, 9.7375362, 0.0000000, 0.0000000, 0.0000000, 0.00, 0.00, 0.00, 0.00, 0.00, 
1.56, 2.24, -0.87, 0.00, 0.00, 0.00, 32.0350638, 118.8137154, 9.7375362, 0.0000000, 0.0000000, 0.0000000, 0.00, 0.00, 0.00, 0.00, 0.00, 
1.56, 2.24, -0.87, 0.00, 0.00, 0.00, 32.0350638, 118.8137154, 9.7375362, 0.0000000, 0.0000000, 0.0000000, 0.00, 0.00, 0.00, 0.00, 0.00, 
1.56, 2.24, -0.87, 0.00, 0.00, 0.00, 32.0350638, 118.8137154, 9.7375362, 0.0000000, 0.0000000, 0.0000000, 0.00, 0.00, 0.00, 0.00, 0.00, 
1.56, 2.24, -0.87, 0.00, 0.00, 0.00, 32.0350638, 118.8137154, 9.7375362, 0.0000000, 0.0000000, 0.0000000, 0.00, 0.00, 0.00, 0.00, 0.00, 
1.56, 2.24, -0.87, 0.00, 0.00, 0.00, 32.0350638, 118.8137154, 9.7375362, 0.0000000, 0.0000000, 0.0000000, 0.00, 0.00, 0.00, 0.00, 0.00, 
1.56, 2.24, -0.87, 0.00, 0.00, 0.00, 32.0350638, 118.8137154, 9.7375362, 0.0000000, 0.0000000, 0.0000000, 0.00, 0.00, 0.00, 0.00, 0.00, 
1.56, 2.24, -0.87, 0.00, 0.00, 0.00, 32.0350638, 118.8137154, 9.7375362, 0.0000000, 0.0000000, 0.0000000, 0.00, 0.00, 0.00, 0.00, 0.00, 
1.56, 2.24, -0.87, 0.00, 0.00, 0.00, 32.0350638, 118.8137154, 9.7375362, 0.0000000, 0.0000000, 0.0000000, 0.00, 0.00, 0.00, 0.00, 0.00, 
1.56, 2.24, -0.87, 0.00, 0.00, 0.00, 32.0350641, 118.8137156, 9.8375367, 0.0000000, 0.0000000, 0.0000000, 0.00, 0.00, 0.00, 0.00, 0.00, 
1.57, 2.27, -0.74, 0.00, 0.00, 0.00, 32.0350641, 118.8137156, 9.8375367, 0.0000000, 0.0000000, 0.0000000, 0.00, 0.00, 0.00, 0.00, 0.00, 
1.57, 2.27, -0.74, 0.00, 0.00, 0.00, 32.0350641, 118.8137156, 9.8375367, 0.0000000, 0.0000000, 0.0000000, 0.00, 0.00, 0.00, 0.00, 0.00, 
1.57, 2.27, -0.74, 0.00, 0.00, 0.00, 32.0350641, 118.8137156, 9.8375367, 0.0000000, 0.0000000, 0.0000000, 0.00, 0.00, 0.00, 0.00, 0.00, 
1.57, 2.27, -0.74, 0.00, 0.00, 0.00, 32.0350641, 118.8137156, 9.8375367, 0.0000000, 0.0000000, 0.0000000, 0.00, 0.00, 0.00, 0.00, 0.00, 
1.57, 2.27, -0.74, 0.00, 0.00, 0.00, 32.0350641, 118.8137156, 9.8375367, 0.0000000, 0.0000000, 0.0000000, 0.00, 0.00, 0.00, 0.00, 0.00, 
1.57, 2.27, -0.74, 0.00, 0.00, 0.00, 32.0350641, 118.8137156, 9.8375367, 0.0000000, 0.0000000, 0.0000000, 0.00, 0.00, 0.00, 0.00, 0.00, 
1.57, 2.27, -0.74, 0.00, 0.00, 0.00, 32.0350641, 118.8137156, 9.8375367, 0.0000000, 0.0000000, 0.0000000, 0.00, 0.00, 0.00, 0.00, 0.00, 
1.57, 2.27, -0.74, 0.00, 0.00, 0.00, 32.0350641, 118.8137156, 9.8375367, 0.0000000, 0.0000000, 0.0000000, 0.00, 0.00, 0.00, 0.00, 0.00, 
1.57, 2.27, -0.74, 0.00, 0.00, 0.00, 32.0350641, 118.8137156, 9.8375367, 0.0000000, 0.0000000, 0.0000000, 0.00, 0.00, 0.00, 0.00, 0.00, 
1.63, 2.28, -0.59, 0.00, 0.00, 0.00, 32.0350642, 118.8137160, 9.9375380, 0.0000000, 0.0000000, 0.0000000, 0.00, 0.00, 0.00, 0.00, 0.00, 
1.63, 2.28, -0.59, 0.00, 0.00, 0.00, 32.0350642, 118.8137160, 9.9375380, 0.0000000, 0.0000000, 0.0000000, 0.00, 0.00, 0.00, 0.00, 0.00, 
1.63, 2.28, -0.59, 0.00, 0.00, 0.00, 32.0350642, 118.8137160, 9.9375380, 0.0000000, 0.0000000, 0.0000000, 0.00, 0.00, 0.00, 0.00, 0.00, 
1.63, 2.28, -0.59, 0.00, 0.00, 0.00, 32.0350642, 118.8137160, 9.9375380, 0.0000000, 0.0000000, 0.0000000, 0.00, 0.00, 0.00, 0.00, 0.00, 
1.63, 2.28, -0.59, 0.00, 0.00, 0.00, 32.0350642, 118.8137160, 9.9375380, 0.0000000, 0.0000000, 0.0000000, 0.00, 0.00, 0.00, 0.00, 0.00, 
1.63, 2.28, -0.59, 0.00, 0.00, 0.00, 32.0350642, 118.8137160, 9.9375380, 0.0000000, 0.0000000, 0.0000000, 0.00, 0.00, 0.00, 0.00, 0.00, 
1.63, 2.28, -0.59, 0.00, 0.00, 0.00, 32.0350642, 118.8137160, 9.9375380, 0.0000000, 0.0000000, 0.0000000, 0.00, 0.00, 0.00, 0.00, 0.00, 
1.63, 2.28, -0.59, 0.00, 0.00, 0.00, 32.0350642, 118.8137160, 9.9375380, 0.0000000, 0.0000000, 0.0000000, 0.00, 0.00, 0.00, 0.00, 0.00, 
1.63, 2.28, -0.59, 0.00, 0.00, 0.00, 32.0350642, 118.8137160, 9.9375380, 0.0000000, 0.0000000, 0.0000000, 0.00, 0.00, 0.00, 0.00, 0.00, 
1.63, 2.28, -0.59, 0.00, 0.00, 0.00, 32.0350642, 118.8137160, 9.9375380, 0.0000000, 0.0000000, 0.0000000, 0.00, 0.00, 0.00, 0.00, 0.00, 
1.63, 2.28, -0.59, 0.00, 0.00, 0.00, 32.0350642, 118.8137160, 9.9375380, 0.0000000, 0.0000000, 0.0000000, 0.00, 0.00, 0.00, 0.00, 0.00, 
1.63, 2.28, -0.59, 0.00, 0.00, 0.00, 32.0350642, 118.8137160, 9.9375380, 0.0000000, 0.0000000, 0.0000000, 0.00, 0.00, 0.00, 0.00, 0.00, 
1.63, 2.28, -0.59, 0.00, 0.00, 0.00, 32.0350644, 118.8137163, 10.0075389, 0.0000000, 0.0000000, 0.0000000, 0.00, 0.00, 0.00, 0.00, 0.00, 
1.68, 2.30, -0.67, 0.00, 0.00, 0.00, 32.0350644, 118.8137163, 10.0075389, 0.0000000, 0.0000000, 0.0000000, 0.00, 0.00, 0.00, 0.00, 0.00, 
1.68, 2.30, -0.67, 0.00, 0.00, 0.00, 32.0350644, 118.8137163, 10.0075389, 0.0000000, 0.0000000, 0.0000000, 0.00, 0.00, 0.00, 0.00, 0.00, 
1.68, 2.30, -0.67, 0.00, 0.00, 0.00, 32.0350644, 118.8137163, 10.0075389, 0.0000000, 0.0000000, 0.0000000, 0.00, 0.00, 0.00, 0.00, 0.00, 
1.68, 2.30, -0.67, 0.00, 0.00, 0.00, 32.0350644, 118.8137163, 10.0075389, 0.0000000, 0.0000000, 0.0000000, 0.00, 0.00, 0.00, 0.00, 0.00, 
1.68, 2.30, -0.67, 0.00, 0.00, 0.00, 32.0350644, 118.8137163, 10.0075389, 0.0000000, 0.0000000, 0.0000000, 0.00, 0.00, 0.00, 0.00, 0.00, 
1.68, 2.30, -0.67, 0.00, 0.00, 0.00, 32.0350644, 118.8137163, 10.0075389, 0.0000000, 0.0000000, 0.0000000, 0.00, 0.00, 0.00, 0.00, 0.00, 
1.68, 2.30, -0.67, 0.00, 0.00, 0.00, 32.0350644, 118.8137163, 10.0075389, 0.0000000, 0.0000000, 0.0000000, 0.00, 0.00, 0.00, 0.00, 0.00, 
1.69, 2.34, -0.77, 0.00, 0.00, 0.00, 32.0350647, 118.8137164, 10.1575390, 0.0000000, 0.0000000, 0.0000000, 0.00, 0.00, 0.00, 0.00, 0.00, 
1.69, 2.34, -0.77, 0.00, 0.00, 0.00, 32.0350647, 118.8137164, 10.1575390, 0.0000000, 0.0000000, 0.0000000, 0.00, 0.00, 0.00, 0.00, 0.00, 
1.69, 2.34, -0.77, 0.00, 0.00, 0.00, 32.0350647, 118.8137164, 10.1575390, 0.0000000, 0.0000000, 0.0000000, 0.00, 0.00, 0.00, 0.00, 0.00, 
1.69, 2.34, -0.77, 0.00, 0.00, 0.00, 32.0350647, 118.8137164, 10.1575390, 0.0000000, 0.0000000, 0.0000000, 0.00, 0.00, 0.00, 0.00, 0.00, 
1.69, 2.34, -0.77, 0.00, 0.00, 0.00, 32.0350647, 118.8137164, 10.1575390, 0.0000000, 0.0000000, 0.0000000, 0.00, 0.00, 0.00, 0.00, 0.00, 
1.69, 2.34, -0.77, 0.00, 0.00, 0.00, 32.0350647, 118.8137164, 10.1575390, 0.0000000, 0.0000000, 0.0000000, 0.00, 0.00, 0.00, 0.00, 0.00, 
1.69, 2.34, -0.77, 0.00, 0.00, 0.00, 32.0350647, 118.8137164, 10.1575390, 0.0000000, 0.0000000, 0.0000000, 0.00, 0.00, 0.00, 0.00, 0.00, 
1.69, 2.34, -0.77, 0.00, 0.00, 0.00, 32.0350647, 118.8137164, 10.1575390, 0.0000000, 0.0000000, 0.0000000, 0.00, 0.00, 0.00, 0.00, 0.00, 
1.69, 2.34, -0.77, 0.00, 0.00, 0.00, 32.0350647, 118.8137164, 10.1575390, 0.0000000, 0.0000000, 0.0000000, 0.00, 0.00, 0.00, 0.00, 0.00, 
1.69, 2.36, -0.60, 0.00, 0.00, 0.00, 32.0350647, 118.8137160, 10.4075377, 0.0000000, 0.0000000, 0.0000000, 0.00, 0.00, 0.00, 0.00, 0.00, 
1.69, 2.36, -0.60, 0.00, 0.00, 0.00, 32.0350647, 118.8137160, 10.4075377, 0.0000000, 0.0000000, 0.0000000, 0.00, 0.00, 0.00, 0.00, 0.00, 
1.69, 2.36, -0.60, 0.00, 0.00, 0.00, 32.0350647, 118.8137160, 10.4075377, 0.0000000, 0.0000000, 0.0000000, 0.00, 0.00, 0.00, 0.00, 0.00, 
1.69, 2.36, -0.60, 0.00, 0.00, 0.00, 32.0350647, 118.8137160, 10.4075377, 0.0000000, 0.0000000, 0.0000000, 0.00, 0.00, 0.00, 0.00, 0.00, 
1.69, 2.36, -0.60, 0.00, 0.00, 0.00, 32.0350647, 118.8137160, 10.4075377, 0.0000000, 0.0000000, 0.0000000, 0.00, 0.00, 0.00, 0.00, 0.00, 
1.69, 2.36, -0.60, 0.00, 0.00, 0.00, 32.0350647, 118.8137160, 10.4075377, 0.0000000, 0.0000000, 0.0000000, 0.00, 0.00, 0.00, 0.00, 0.00, 
1.69, 2.36, -0.60, 0.00, 0.00, 0.00, 32.0350647, 118.8137160, 10.4075377, 0.0000000, 0.0000000, 0.0000000, 0.00, 0.00, 0.00, 0.00, 0.00, 
1.69, 2.36, -0.60, 0.00, 0.00, 0.00, 32.0350647, 118.8137160, 10.4075377, 0.0000000, 0.0000000, 0.0000000, 0.00, 0.00, 0.00, 0.00, 0.00, 
1.69, 2.36, -0.60, 0.00, 0.00, 0.00, 32.0350647, 118.8137160, 10.4075377, 0.0000000, 0.0000000, 0.0000000, 0.00, 0.00, 0.00, 0.00, 0.00, 
1.69, 2.36, -0.60, 0.00, 0.00, 0.00, 32.0350647, 118.8137160, 10.4075377, 0.0000000, 0.0000000, 0.0000000, 0.00, 0.00, 0.00, 0.00, 0.00, 
1.69, 2.36, -0.60, 0.00, 0.00, 0.00, 32.0350647, 118.8137160, 10.4075377, 0.0000000, 0.0000000, 0.0000000, 0.00, 0.00, 0.00, 0.00, 0.00, 
1.69, 2.36, -0.60, 0.00, 0.00, 0.00, 32.0350656, 118.8137166, 13.5975391, 0.0000000, 0.0000000, 0.0000000, 0.00, 0.00, 0.00, 0.00, 0.00, 
1.79, 2.35, 3.38, 0.00, 0.00, 0.00, 32.0350648, 118.8137160, 15.1475376, 0.0000000, 0.0000000, 0.0000000, 0.00, 0.00, 0.00, 0.00, 0.00, 
1.62, 2.36, 3.44, 0.00, 0.00, 0.00, 32.0350648, 118.8137160, 15.1475376, 0.0000000, 0.0000000, 0.0000000, 0.00, 0.00, 0.00, 0.00, 0.00, 
1.62, 2.36, 3.44, 0.00, 0.00, 0.00, 32.0350648, 118.8137160, 15.1475376, 0.0000000, 0.0000000, 0.0000000, 0.00, 0.00, 0.00, 0.00, 0.00, 
1.62, 2.36, 3.44, 0.00, 0.00, 0.00, 32.0350648, 118.8137160, 15.1475376, 0.0000000, 0.0000000, 0.0000000, 0.00, 0.00, 0.00, 0.00, 0.00, 
1.62, 2.36, 3.44, 0.00, 0.00, 0.00, 32.0350648, 118.8137160, 15.1475376, 0.0000000, 0.0000000, 0.0000000, 0.00, 0.00, 0.00, 0.00, 0.00, 
1.62, 2.36, 3.44, 0.00, 0.00, 0.00, 32.0350648, 118.8137160, 15.1475376, 0.0000000, 0.0000000, 0.0000000, 0.00, 0.00, 0.00, 0.00, 0.00, 
1.62, 2.36, 3.44, 0.00, 0.00, 0.00, 32.0350648, 118.8137160, 15.1475376, 0.0000000, 0.0000000, 0.0000000, 0.00, 0.00, 0.00, 0.00, 0.00, 
1.62, 2.36, 3.44, 0.00, 0.00, 0.00, 32.0350648, 118.8137160, 15.1475376, 0.0000000, 0.0000000, 0.0000000, 0.00, 0.00, 0.00, 0.00, 0.00, 
1.62, 2.36, 3.44, 0.00, 0.00, 0.00, 32.0350648, 118.8137160, 15.1475376, 0.0000000, 0.0000000, 0.0000000, 0.00, 0.00, 0.00, 0.00, 0.00, 
1.62, 2.36, 3.44, 0.00, 0.00, 0.00, 32.0350648, 118.8137160, 15.1475376, 0.0000000, 0.0000000, 0.0000000, 0.00, 0.00, 0.00, 0.00, 0.00, 
1.62, 2.36, 3.44, 0.00, 0.00, 0.00, 32.0350648, 118.8137160, 15.1475376, 0.0000000, 0.0000000, 0.0000000, 0.00, 0.00, 0.00, 0.00, 0.00, 
1.58, 2.16, 3.62, 0.00, 0.00, 0.00, 32.0350653, 118.8137177, 14.9975430, 0.0000000, 0.0000000, 0.0000000, 0.00, 0.00, 0.00, 0.00, 0.00, 
1.58, 2.16, 3.62, 0.00, 0.00, 0.00, 32.0350653, 118.8137177, 14.9975430, 0.0000000, 0.0000000, 0.0000000, 0.00, 0.00, 0.00, 0.00, 0.00, 
1.58, 2.16, 3.62, 0.00, 0.00, 0.00, 32.0350653, 118.8137177, 14.9975430, 0.0000000, 0.0000000, 0.0000000, 0.00, 0.00, 0.00, 0.00, 0.00, 
1.58, 2.16, 3.62, 0.00, 0.00, 0.00, 32.0350653, 118.8137177, 14.9975430, 0.0000000, 0.0000000, 0.0000000, 0.00, 0.00, 0.00, 0.00, 0.00, 
1.58, 2.16, 3.62, 0.00, 0.00, 0.00, 32.0350653, 118.8137177, 14.9975430, 0.0000000, 0.0000000, 0.0000000, 0.00, 0.00, 0.00, 0.00, 0.00, 
1.58, 2.16, 3.62, 0.00, 0.00, 0.00, 32.0350653, 118.8137177, 14.9975430, 0.0000000, 0.0000000, 0.0000000, 0.00, 0.00, 0.00, 0.00, 0.00, 
1.58, 2.16, 3.62, 0.00, 0.00, 0.00, 32.0350653, 118.8137177, 14.9975430, 0.0000000, 0.0000000, 0.0000000, 0.00, 0.00, 0.00, 0.00, 0.00, 
1.58, 2.16, 3.62, 0.00, 0.00, 0.00, 32.0350653, 118.8137177, 14.9975430, 0.0000000, 0.0000000, 0.0000000, 0.00, 0.00, 0.00, 0.00, 0.00, 
1.58, 2.16, 3.62, 0.00, 0.00, 0.00, 32.0350653, 118.8137177, 14.9975430, 0.0000000, 0.0000000, 0.0000000, 0.00, 0.00, 0.00, 0.00, 0.00, 
1.58, 2.16, 3.62, 0.00, 0.00, 0.00, 32.0350653, 118.8137177, 14.9975430, 0.0000000, 0.0000000, 0.0000000, 0.00, 0.00, 0.00, 0.00, 0.00, 
1.58, 2.16, 3.62, 0.00, 0.00, 0.00, 32.0350653, 118.8137177, 14.9975430, 0.0000000, 0.0000000, 0.0000000, 0.00, 0.00, 0.00, 0.00, 0.00, 
1.58, 2.16, 3.62, 0.00, 0.00, 0.00, 32.0350653, 118.8137177, 14.9975430, 0.0000000, 0.0000000, 0.0000000, 0.00, 0.00, 0.00, 0.00, 0.00, 
1.58, 2.16, 3.62, 0.00, 0.00, 0.00, 32.0350653, 118.8137177, 14.9975430, 0.0000000, 0.0000000, 0.0000000, 0.00, 0.00, 0.00, 0.00, 0.00, 
1.58, 2.16, 3.62, 0.00, 0.00, 0.00, 32.0350462, 118.8137019, 16.5075020, 0.0000000, 0.0000000, 0.0000000, 0.00, 0.00, 0.00, 0.00, 0.00, 
1.58, 2.16, 3.62, 0.00, 0.00, 0.00, 32.0350462, 118.8137019, 16.5075020, 0.0000000, 0.0000000, 0.0000000, 0.00, 0.00, 0.00, 0.00, 0.00, 
0.09, 0.12, 5.13, 0.08, -0.88, 5.13, 32.0350462, 118.8137019, 16.5075020, 32.0350372, 118.8137017, 16.5075016, 0.00, 0.00, 0.00, 0.00, 0.00, 
0.09, 0.12, 5.13, 0.08, -0.88, 5.13, 32.0350462, 118.8137019, 16.5075020, 32.0350372, 118.8137017, 16.5075016, 0.00, 0.00, 0.00, 0.00, 0.00, 
0.09, 0.12, 5.13, 0.07, -1.08, 5.13, 32.0350462, 118.8137019, 16.5075020, 32.0350354, 118.8137017, 16.5075016, 0.00, 0.00, 0.00, 0.00, 0.00, 
0.09, 0.12, 5.13, 0.38, -0.92, 5.15, 32.0350429, 118.8136986, 16.4874930, 32.0350336, 118.8137016, 16.5075016, 0.00, 0.00, 0.00, 0.00, 0.00, 
-0.04, -0.08, 5.08, 0.24, -1.31, 5.10, 32.0350429, 118.8136986, 16.4874930, 32.0350318, 118.8137016, 16.5075016, 0.00, 0.00, 0.00, 0.00, 0.00, 
-0.04, -0.08, 5.08, 0.24, -1.51, 5.10, 32.0350429, 118.8136986, 16.4874930, 32.0350300, 118.8137016, 16.5075016, 0.00, 0.00, 0.00, 0.00, 0.00, 
-0.04, -0.08, 5.08, 0.24, -1.71, 5.10, 32.0350429, 118.8136986, 16.4874930, 32.0350282, 118.8137015, 16.5075016, 0.00, 0.00, 0.00, 0.00, 0.00, 
-0.04, -0.08, 5.08, 0.23, -1.91, 5.10, 32.0350429, 118.8136986, 16.4874930, 32.0350264, 118.8137015, 16.5075016, 0.00, 0.00, 0.00, 0.00, 0.00, 
-0.04, -0.08, 5.08, 0.23, -2.11, 5.10, 32.0350429, 118.8136986, 16.4874930, 32.0350246, 118.8137014, 16.5075016, 0.00, 0.00, 0.00, 0.00, 0.00, 
-0.04, -0.08, 5.08, 0.22, -2.31, 5.10, 32.0350429, 118.8136986, 16.4874930, 32.0350227, 118.8137014, 16.5075035, 0.00, 0.00, 0.00, 0.00, 0.00, 
-0.04, -0.08, 5.08, 0.22, -2.51, 5.10, 32.0350429, 118.8136986, 16.4874930, 32.0350209, 118.8137014, 16.5075035, 0.00, 0.00, 0.00, 0.00, 0.00, 
-0.04, -0.08, 5.08, 0.22, -2.71, 5.10, 32.0350429, 118.8136986, 16.4874930, 32.0350191, 118.8137013, 16.5075035, 0.00, 0.00, 0.00, 0.00, 0.00, 
-0.04, -0.08, 5.08, 0.21, -2.91, 5.10, 32.0350429, 118.8136986, 16.4874930, 32.0350173, 118.8137013, 16.5075035, 0.00, 0.00, 0.00, 0.00, 0.00, 
-0.04, -0.08, 5.08, 0.21, -3.11, 5.10, 32.0350429, 118.8136986, 16.4874930, 32.0350155, 118.8137013, 16.5075035, 0.00, 0.00, 0.00, 0.00, 0.00, 
0.13, -0.49, 5.27, 0.28, -3.48, 5.10, 32.0350407, 118.8136996, 16.6774977, 32.0350137, 118.8137012, 16.5075035, 0.00, 0.00, 0.00, 0.00, 0.00, 
0.13, -0.49, 5.27, 0.28, -3.68, 5.10, 32.0350407, 118.8136996, 16.6774977, 32.0350119, 118.8137012, 16.5075035, 0.00, 0.00, 0.00, 0.00, 0.00, 
0.13, -0.49, 5.27, 0.27, -3.88, 5.10, 32.0350407, 118.8136996, 16.6774977, 32.0350101, 118.8137011, 16.5075035, 0.00, 0.00, 0.00, 0.00, 0.00, 
0.13, -0.49, 5.27, 0.27, -4.08, 5.10, 32.0350407, 118.8136996, 16.6774977, 32.0350083, 118.8137011, 16.5075035, 0.00, 0.00, 0.00, 0.00, 0.00, 
0.13, -0.49, 5.27, 0.27, -4.28, 5.10, 32.0350407, 118.8136996, 16.6774977, 32.0350065, 118.8137011, 16.5075035, 0.00, 0.00, 0.00, 0.00, 0.00, 
0.13, -0.49, 5.27, 0.26, -4.48, 5.10, 32.0350407, 118.8136996, 16.6774977, 32.0350047, 118.8137010, 16.5075035, 0.00, 0.00, 0.00, 0.00, 0.00, 
0.13, -0.49, 5.27, 0.26, -4.68, 5.10, 32.0350407, 118.8136996, 16.6774977, 32.0350029, 118.8137010, 16.5075035, 0.00, 0.00, 0.00, 0.00, 0.00, 
0.27, -4.89, 5.19, 0.28, -5.41, 5.19, 32.0349996, 118.8137018, 16.4875303, 32.0349949, 118.8137019, 16.4875298, 0.00, 0.00, 0.00, 0.00, 0.00, 
0.27, -4.89, 5.19, 0.28, -5.41, 5.19, 32.0349996, 118.8137018, 16.4875303, 32.0349949, 118.8137019, 16.4875298, 0.00, 0.00, 0.00, 0.00, 0.00, 
0.27, -4.89, 5.19, 0.29, -5.52, 5.19, 32.0349996, 118.8137018, 16.4875303, 32.0349939, 118.8137020, 16.4875298, 0.00, 0.00, 0.00, 0.00, 0.00, 
0.27, -4.89, 5.19, 0.30, -5.62, 5.19, 32.0349996, 118.8137018, 16.4875303, 32.0349930, 118.8137022, 16.4875298, 0.00, 0.00, 0.00, 0.00, 0.00, 
0.27, -4.89, 5.19, 0.31, -5.72, 5.19, 32.0349996, 118.8137018, 16.4875303, 32.0349921, 118.8137023, 16.4875298, 0.00, 0.00, 0.00, 0.00, 0.00, 
0.27, -4.89, 5.19, 0.33, -5.83, 5.19, 32.0349996, 118.8137018, 16.4875303, 32.0349911, 118.8137025, 16.4875298, 0.00, 0.00, 0.00, 0.00, 0.00, 
0.27, -4.89, 5.19, 0.38, -5.89, 5.18, 32.0349992, 118.8137015, 16.4975295, 32.0349902, 118.8137027, 16.4875298, 0.00, 0.00, 0.00, 0.00, 0.00, 
0.27, -4.89, 5.19, 0.40, -5.99, 5.18, 32.0349992, 118.8137015, 16.4975295, 32.0349893, 118.8137029, 16.4875298, 0.00, 0.00, 0.00, 0.00, 0.00, 
0.26, -4.95, 5.20, 0.41, -6.15, 5.19, 32.0349992, 118.8137015, 16.4975295, 32.0349883, 118.8137031, 16.4875298, 0.00, 0.00, 0.00, 0.00, 0.00, 
0.26, -4.95, 5.20, 0.44, -6.25, 5.19, 32.0349992, 118.8137015, 16.4975295, 32.0349874, 118.8137034, 16.4875298, 0.00, 0.00, 0.00, 0.00, 0.00, 
0.26, -4.95, 5.20, 0.46, -6.35, 5.19, 32.0349992, 118.8137015, 16.4975295, 32.0349865, 118.8137036, 16.4875298, 0.00, 0.00, 0.00, 0.00, 0.00, 
0.26, -4.95, 5.20, 0.49, -6.45, 5.19, 32.0349992, 118.8137015, 16.4975295, 32.0349856, 118.8137039, 16.4875298, 0.00, 0.00, 0.00, 0.00, 0.00, 
0.26, -4.95, 5.20, 0.52, -6.55, 5.19, 32.0349992, 118.8137015, 16.4975295, 32.0349847, 118.8137043, 16.4875298, 0.00, 0.00, 0.00, 0.00, 0.00, 
0.26, -4.95, 5.20, 0.56, -6.65, 5.19, 32.0349992, 118.8137015, 16.4975295, 32.0349838, 118.8137046, 16.4875298, 0.00, 0.00, 0.00, 0.00, 0.00, 
0.26, -4.95, 5.20, 0.47, -6.32, 5.23, 32.0349953, 118.8137028, 16.4575363, 32.0349829, 118.8137050, 16.4875298, 0.00, 0.00, 0.00, 0.00, 0.00, 
0.40, -5.55, 5.32, 0.64, -7.02, 5.35, 32.0349953, 118.8137028, 16.4575363, 32.0349820, 118.8137054, 16.4875298, 0.00, 0.00, 0.00, 0.00, 0.00, 
0.40, -5.55, 5.32, 0.68, -7.12, 5.35, 32.0349953, 118.8137028, 16.4575363, 32.0349812, 118.8137058, 16.4875298, 0.00, 0.00, 0.00, 0.00, 0.00, 
0.40, -5.55, 5.32, 0.72, -7.22, 5.35, 32.0349953, 118.8137028, 16.4575363, 32.0349803, 118.8137062, 16.4875298, 0.00, 0.00, 0.00, 0.00, 0.00, 
0.40, -5.55, 5.32, 0.77, -7.31, 5.35, 32.0349953, 118.8137028, 16.4575363, 32.0349794, 118.8137067, 16.4875298, 0.00, 0.00, 0.00, 0.00, 0.00, 
0.40, -5.55, 5.32, 0.81, -7.41, 5.35, 32.0349953, 118.8137028, 16.4575363, 32.0349786, 118.8137072, 16.4875317, 0.00, 0.00, 0.00, 0.00, 0.00, 
0.40, -5.55, 5.32, 0.86, -7.50, 5.35, 32.0349953, 118.8137028, 16.4575363, 32.0349777, 118.8137077, 16.4875317, 0.00, 0.00, 0.00, 0.00, 0.00, 
0.40, -5.55, 5.32, 0.91, -7.59, 5.35, 32.0349953, 118.8137028, 16.4575363, 32.0349769, 118.8137082, 16.4875317, 0.00, 0.00, 0.00, 0.00, 0.00, 
0.40, -5.55, 5.32, 0.96, -7.69, 5.35, 32.0349953, 118.8137028, 16.4575363, 32.0349761, 118.8137087, 16.4875317, 0.00, 0.00, 0.00, 0.00, 0.00, 
0.56, -6.47, 5.35, 0.99, -7.72, 5.46, 32.0349865, 118.8137048, 16.3775483, 32.0349753, 118.8137093, 16.4875317, 0.00, 0.00, 0.00, 0.00, 0.00, 
0.56, -6.47, 5.35, 1.04, -7.81, 5.46, 32.0349865, 118.8137048, 16.3775483, 32.0349744, 118.8137098, 16.4875317, 0.00, 0.00, 0.00, 0.00, 0.00, 
0.56, -6.47, 5.35, 1.10, -7.90, 5.46, 32.0349865, 118.8137048, 16.3775483, 32.0349737, 118.8137104, 16.4875317, 0.00, 0.00, 0.00, 0.00, 0.00, 
0.56, -6.47, 5.35, 1.16, -7.98, 5.46, 32.0349865, 118.8137048, 16.3775483, 32.0349729, 118.8137111, 16.4875317, 0.00, 0.00, 0.00, 0.00, 0.00, 
0.56, -6.47, 5.35, 1.22, -8.07, 5.46, 32.0349865, 118.8137048, 16.3775483, 32.0349721, 118.8137117, 16.4875317, 0.00, 0.00, 0.00, 0.00, 0.00, 
0.56, -6.47, 5.35, 1.28, -8.15, 5.46, 32.0349865, 118.8137048, 16.3775483, 32.0349713, 118.8137124, 16.4875317, 0.00, 0.00, 0.00, 0.00, 0.00, 
0.56, -6.47, 5.35, 1.34, -8.24, 5.46, 32.0349865, 118.8137048, 16.3775483, 32.0349706, 118.8137130, 16.4875317, 0.00, 0.00, 0.00, 0.00, 0.00, 
0.56, -6.47, 5.35, 1.41, -8.32, 5.46, 32.0349865, 118.8137048, 16.3775483, 32.0349698, 118.8137137, 16.4875317, 0.00, 0.00, 0.00, 0.00, 0.00, 
0.56, -6.47, 5.35, 1.47, -8.40, 5.46, 32.0349865, 118.8137048, 16.3775483, 32.0349691, 118.8137144, 16.4875317, 0.00, 0.00, 0.00, 0.00, 0.00, 
0.56, -6.47, 5.35, 1.54, -8.48, 5.46, 32.0349865, 118.8137048, 16.3775483, 32.0349684, 118.8137152, 16.4875317, 0.00, 0.00, 0.00, 0.00, 0.00, 
0.56, -6.47, 5.35, 1.32, -7.75, 5.33, 32.0349792, 118.8137079, 16.5075632, 32.0349677, 118.8137159, 16.4875317, 0.00, 0.00, 0.00, 0.00, 0.00, 
0.56, -6.47, 5.35, 1.39, -7.82, 5.33, 32.0349792, 118.8137079, 16.5075632, 32.0349670, 118.8137167, 16.4875317, 0.00, 0.00, 0.00, 0.00, 0.00, 
0.92, -7.40, 5.50, 1.82, -8.82, 5.48, 32.0349792, 118.8137079, 16.5075632, 32.0349664, 118.8137175, 16.4875317, 0.00, 0.00, 0.00, 0.00, 0.00, 
0.92, -7.40, 5.50, 1.90, -8.89, 5.48, 32.0349792, 118.8137079, 16.5075632, 32.0349657, 118.8137182, 16.4875317, 0.00, 0.00, 0.00, 0.00, 0.00, 
0.92, -7.40, 5.50, 1.98, -8.97, 5.48, 32.0349792, 118.8137079, 16.5075632, 32.0349651, 118.8137191, 16.4875317, 0.00, 0.00, 0.00, 0.00, 0.00, 
0.92, -7.40, 5.50, 2.05, -9.04, 5.48, 32.0349792, 118.8137079, 16.5075632, 32.0349644, 118.8137199, 16.4875317, 0.00, 0.00, 0.00, 0.00, 0.00, 
0.92, -7.40, 5.50, 2.13, -9.10, 5.48, 32.0349792, 118.8137079, 16.5075632, 32.0349638, 118.8137207, 16.4875317, 0.00, 0.00, 0.00, 0.00, 0.00, 
1.36, -8.12, 5.46, 2.19, -9.06, 5.38, 32.0349717, 118.8137128, 16.5575841, 32.0349632, 118.8137216, 16.4875317, 0.00, 0.00, 0.00, 0.00, 0.00, 
1.36, -8.12, 5.46, 2.27, -9.13, 5.38, 32.0349717, 118.8137128, 16.5575841, 32.0349626, 118.8137225, 16.4875317, 0.00, 0.00, 0.00, 0.00, 0.00, 
1.36, -8.12, 5.46, 2.36, -9.19, 5.38, 32.0349717, 118.8137128, 16.5575841, 32.0349621, 118.8137233, 16.4875317, 0.00, 0.00, 0.00, 0.00, 0.00, 
1.36, -8.12, 5.46, 2.44, -9.25, 5.38, 32.0349717, 118.8137128, 16.5575841, 32.0349615, 118.8137242, 16.4875317, 0.00, 0.00, 0.00, 0.00, 0.00, 
1.36, -8.12, 5.46, 2.53, -9.31, 5.38, 32.0349717, 118.8137128, 16.5575841, 32.0349610, 118.8137252, 16.4875317, 0.00, 0.00, 0.00, 0.00, 0.00, 
1.36, -8.12, 5.46, 2.61, -9.37, 5.38, 32.0349717, 118.8137128, 16.5575841, 32.0349605, 118.8137261, 16.4875317, 0.00, 0.00, 0.00, 0.00, 0.00, 
1.36, -8.12, 5.46, 2.70, -9.43, 5.38, 32.0349717, 118.8137128, 16.5575841, 32.0349600, 118.8137270, 16.4875317, 0.00, 0.00, 0.00, 0.00, 0.00, 
1.36, -8.12, 5.46, 2.79, -9.48, 5.38, 32.0349717, 118.8137128, 16.5575841, 32.0349595, 118.8137280, 16.4875317, 0.00, 0.00, 0.00, 0.00, 0.00, 
1.36, -8.12, 5.46, 2.43, -8.97, 5.31, 32.0349666, 118.8137176, 16.6276032, 32.0349590, 118.8137289, 16.4875317, 0.00, 0.00, 0.00, 0.00, 0.00, 
1.89, -8.77, 5.48, 3.05, -9.67, 5.34, 32.0349666, 118.8137176, 16.6276032, 32.0349585, 118.8137299, 16.4875317, 0.00, 0.00, 0.00, 0.00, 0.00, 
1.89, -8.77, 5.48, 3.14, -9.71, 5.34, 32.0349666, 118.8137176, 16.6276032, 32.0349581, 118.8137309, 16.4875317, 0.00, 0.00, 0.00, 0.00, 0.00, 
1.89, -8.77, 5.48, 3.24, -9.76, 5.34, 32.0349666, 118.8137176, 16.6276032, 32.0349577, 118.8137319, 16.4875336, 0.00, 0.00, 0.00, 0.00, 0.00, 
1.89, -8.77, 5.48, 3.33, -9.80, 5.34, 32.0349666, 118.8137176, 16.6276032, 32.0349573, 118.8137329, 16.4875336, 0.00, 0.00, 0.00, 0.00, 0.00, 
1.89, -8.77, 5.48, 3.43, -9.85, 5.34, 32.0349666, 118.8137176, 16.6276032, 32.0349569, 118.8137339, 16.4875336, 0.00, 0.00, 0.00, 0.00, 0.00, 
1.89, -8.77, 5.48, 3.53, -9.89, 5.34, 32.0349666, 118.8137176, 16.6276032, 32.0349566, 118.8137349, 16.4875336, 0.00, 0.00, 0.00, 0.00, 0.00, 
1.89, -8.77, 5.48, 3.62, -9.92, 5.34, 32.0349666, 118.8137176, 16.6276032, 32.0349562, 118.8137360, 16.4875336, 0.00, 0.00, 0.00, 0.00, 0.00, 
1.89, -8.77, 5.48, 3.00, -9.29, 5.44, 32.0349606, 118.8137252, 16.5276323, 32.0349559, 118.8137370, 16.4875336, 0.00, 0.00, 0.00, 0.00, 0.00, 
2.58, -9.29, 5.41, 3.79, -9.85, 5.37, 32.0349606, 118.8137252, 16.5276323, 32.0349556, 118.8137381, 16.4875336, 0.00, 0.00, 0.00, 0.00, 0.00, 
2.58, -9.29, 5.41, 3.89, -9.88, 5.37, 32.0349606, 118.8137252, 16.5276323, 32.0349553, 118.8137391, 16.4875336, 0.00, 0.00, 0.00, 0.00, 0.00, 
2.58, -9.29, 5.41, 3.99, -9.91, 5.37, 32.0349606, 118.8137252, 16.5276323, 32.0349550, 118.8137402, 16.4875336, 0.00, 0.00, 0.00, 0.00, 0.00, 
2.58, -9.29, 5.41, 4.09, -9.94, 5.37, 32.0349606, 118.8137252, 16.5276323, 32.0349548, 118.8137412, 16.4875336, 0.00, 0.00, 0.00, 0.00, 0.00, 
2.58, -9.29, 5.41, 4.19, -9.96, 5.37, 32.0349606, 118.8137252, 16.5276323, 32.0349545, 118.8137423, 16.4875336, 0.00, 0.00, 0.00, 0.00, 0.00, 
2.58, -9.29, 5.41, 4.30, -9.99, 5.37, 32.0349606, 118.8137252, 16.5276323, 32.0349543, 118.8137434, 16.4875336, 0.00, 0.00, 0.00, 0.00, 0.00, 
2.58, -9.29, 5.41, 3.76, -9.62, 5.33, 32.0349571, 118.8137320, 16.5676571, 32.0349541, 118.8137445, 16.4875336, 0.00, 0.00, 0.00, 0.00, 0.00, 
3.31, -9.72, 5.45, 4.59, -10.07, 5.37, 32.0349571, 118.8137320, 16.5676571, 32.0349540, 118.8137456, 16.4875336, 0.00, 0.00, 0.00, 0.00, 0.00, 
3.31, -9.72, 5.45, 4.69, -10.08, 5.37, 32.0349571, 118.8137320, 16.5676571, 32.0349538, 118.8137467, 16.4875336, 0.00, 0.00, 0.00, 0.00, 0.00, 
3.31, -9.72, 5.45, 4.80, -10.10, 5.37, 32.0349571, 118.8137320, 16.5676571, 32.0349537, 118.8137478, 16.4875336, 0.00, 0.00, 0.00, 0.00, 0.00, 
3.31, -9.72, 5.45, 4.90, -10.11, 5.37, 32.0349571, 118.8137320, 16.5676571, 32.0349536, 118.8137489, 16.4875336, 0.00, 0.00, 0.00, 0.00, 0.00, 
3.31, -9.72, 5.45, 5.00, -10.12, 5.37, 32.0349571, 118.8137320, 16.5676571, 32.0349535, 118.8137500, 16.4875336, 0.00, 0.00, 0.00, 0.00, 0.00, 
3.31, -9.72, 5.45, 5.11, -10.13, 5.37, 32.0349571, 118.8137320, 16.5676571, 32.0349534, 118.8137511, 16.4875336, 0.00, 0.00, 0.00, 0.00, 0.00, 
3.99, -9.85, 5.43, 5.20, -10.08, 5.32, 32.0349554, 118.8137394, 16.5976828, 32.0349533, 118.8137522, 16.4875336, 0.00, 0.00, 0.00, 0.00, 0.00, 
3.99, -9.85, 5.43, 5.31, -10.08, 5.32, 32.0349554, 118.8137394, 16.5976828, 32.0349533, 118.8137533, 16.4875336, 0.00, 0.00, 0.00, 0.00, 0.00, 
3.99, -9.85, 5.43, 5.41, -10.08, 5.32, 32.0349554, 118.8137394, 16.5976828, 32.0349533, 118.8137544, 16.4875336, 0.00, 0.00, 0.00, 0.00, 0.00, 
3.99, -9.85, 5.43, 5.51, -10.08, 5.32, 32.0349554, 118.8137394, 16.5976828, 32.0349533, 118.8137555, 16.4875336, 0.00, 0.00, 0.00, 0.00, 0.00, 
3.99, -9.85, 5.43, 5.62, -10.08, 5.32, 32.0349554, 118.8137394, 16.5976828, 32.0349533, 118.8137566, 16.4875336, 0.00, 0.00, 0.00, 0.00, 0.00, 
3.99, -9.85, 5.43, 5.72, -10.08, 5.32, 32.0349554, 118.8137394, 16.5976828, 32.0349534, 118.8137577, 16.4875355, 0.00, 0.00, 0.00, 0.00, 0.00, 
3.99, -9.85, 5.43, 5.83, -10.07, 5.32, 32.0349554, 118.8137394, 16.5976828, 32.0349534, 118.8137588, 16.4875355, 0.00, 0.00, 0.00, 0.00, 0.00, 
4.80, -10.08, 5.43, 6.00, -10.09, 5.38, 32.0349536, 118.8137472, 16.5377099, 32.0349535, 118.8137599, 16.4875355, 0.00, 0.00, 0.00, 0.00, 0.00, 
4.80, -10.08, 5.43, 6.11, -10.08, 5.38, 32.0349536, 118.8137472, 16.5377099, 32.0349536, 118.8137610, 16.4875355, 0.00, 0.00, 0.00, 0.00, 0.00, 
4.80, -10.08, 5.43, 6.21, -10.06, 5.38, 32.0349536, 118.8137472, 16.5377099, 32.0349537, 118.8137621, 16.4875355, 0.00, 0.00, 0.00, 0.00, 0.00, 
4.80, -10.08, 5.43, 6.31, -10.05, 5.38, 32.0349536, 118.8137472, 16.5377099, 32.0349539, 118.8137632, 16.4875355, 0.00, 0.00, 0.00, 0.00, 0.00, 
4.80, -10.08, 5.43, 6.42, -10.03, 5.38, 32.0349536, 118.8137472, 16.5377099, 32.0349540, 118.8137643, 16.4875355, 0.00, 0.00, 0.00, 0.00, 0.00, 
4.80, -10.08, 5.43, 6.52, -10.01, 5.38, 32.0349536, 118.8137472, 16.5377099, 32.0349542, 118.8137654, 16.4875355, 0.00, 0.00, 0.00, 0.00, 0.00, 
4.80, -10.08, 5.43, 6.62, -9.99, 5.38, 32.0349536, 118.8137472, 16.5377099, 32.0349544, 118.8137665, 16.4875355, 0.00, 0.00, 0.00, 0.00, 0.00, 
5.58, -10.10, 5.43, 6.67, -9.89, 5.45, 32.0349527, 118.8137560, 16.4677398, 32.0349546, 118.8137676, 16.4875355, 0.00, 0.00, 0.00, 0.00, 0.00, 
5.58, -10.10, 5.43, 6.78, -9.86, 5.45, 32.0349527, 118.8137560, 16.4677398, 32.0349549, 118.8137686, 16.4875355, 0.00, 0.00, 0.00, 0.00, 0.00, 
5.58, -10.10, 5.43, 6.88, -9.83, 5.45, 32.0349527, 118.8137560, 16.4677398, 32.0349551, 118.8137697, 16.4875355, 0.00, 0.00, 0.00, 0.00, 0.00, 
5.58, -10.10, 5.43, 6.98, -9.80, 5.45, 32.0349527, 118.8137560, 16.4677398, 32.0349554, 118.8137708, 16.4875355, 0.00, 0.00, 0.00, 0.00, 0.00, 
5.58, -10.10, 5.43, 7.08, -9.77, 5.45, 32.0349527, 118.8137560, 16.4677398, 32.0349557, 118.8137718, 16.4875355, 0.00, 0.00, 0.00, 0.00, 0.00, 
5.58, -10.10, 5.43, 7.18, -9.73, 5.45, 32.0349527, 118.8137560, 16.4677398, 32.0349560, 118.8137729, 16.4875355, 0.00, 0.00, 0.00, 0.00, 0.00, 
5.58, -10.10, 5.43, 6.59, -9.69, 5.43, 32.0349526, 118.8137632, 16.4877639, 32.0349564, 118.8137739, 16.4875355, 0.00, 0.00, 0.00, 0.00, 0.00, 
6.31, -10.09, 5.44, 7.42, -9.64, 5.44, 32.0349526, 118.8137632, 16.4877639, 32.0349567, 118.8137749, 16.4875355, 0.00, 0.00, 0.00, 0.00, 0.00, 
6.31, -10.09, 5.44, 7.51, -9.60, 5.44, 32.0349526, 118.8137632, 16.4877639, 32.0349571, 118.8137760, 16.4875355, 0.00, 0.00, 0.00, 0.00, 0.00, 
6.31, -10.09, 5.44, 7.61, -9.55, 5.44, 32.0349526, 118.8137632, 16.4877639, 32.0349575, 118.8137770, 16.4875355, 0.00, 0.00, 0.00, 0.00, 0.00, 
6.31, -10.09, 5.44, 7.70, -9.51, 5.44, 32.0349526, 118.8137632, 16.4877639, 32.0349579, 118.8137780, 16.4875355, 0.00, 0.00, 0.00, 0.00, 0.00, 
6.31, -10.09, 5.44, 7.80, -9.46, 5.44, 32.0349526, 118.8137632, 16.4877639, 32.0349583, 118.8137790, 16.4875355, 0.00, 0.00, 0.00, 0.00, 0.00, 
6.31, -10.09, 5.44, 7.89, -9.41, 5.44, 32.0349526, 118.8137632, 16.4877639, 32.0349587, 118.8137799, 16.4875355, 0.00, 0.00, 0.00, 0.00, 0.00, 
6.95, -9.93, 5.56, 7.90, -9.36, 5.43, 32.0349541, 118.8137708, 16.6177883, 32.0349592, 118.8137809, 16.4875355, 0.00, 0.00, 0.00, 0.00, 0.00, 
6.95, -9.93, 5.56, 7.99, -9.31, 5.43, 32.0349541, 118.8137708, 16.6177883, 32.0349597, 118.8137819, 16.4875355, 0.00, 0.00, 0.00, 0.00, 0.00, 
6.95, -9.93, 5.56, 8.08, -9.25, 5.43, 32.0349541, 118.8137708, 16.6177883, 32.0349602, 118.8137828, 16.4875355, 0.00, 0.00, 0.00, 0.00, 0.00, 
6.95, -9.93, 5.56, 8.17, -9.20, 5.43, 32.0349541, 118.8137708, 16.6177883, 32.0349607, 118.8137837, 16.4875374, 0.00, 0.00, 0.00, 0.00, 0.00, 
6.95, -9.93, 5.56, 8.25, -9.14, 5.43, 32.0349541, 118.8137708, 16.6177883, 32.0349612, 118.8137847, 16.4875374, 0.00, 0.00, 0.00, 0.00, 0.00, 
6.95, -9.93, 5.56, 8.34, -9.08, 5.43, 32.0349541, 118.8137708, 16.6177883, 32.0349617, 118.8137856, 16.4875374, 0.00, 0.00, 0.00, 0.00, 0.00, 
6.95, -9.93, 5.56, 8.43, -9.02, 5.43, 32.0349541, 118.8137708, 16.6177883, 32.0349623, 118.8137865, 16.4875374, 0.00, 0.00, 0.00, 0.00, 0.00, 
6.95, -9.93, 5.56, 7.91, -9.20, 5.55, 32.0349563, 118.8137771, 16.4978079, 32.0349629, 118.8137873, 16.4875374, 0.00, 0.00, 0.00, 0.00, 0.00, 
7.58, -9.64, 5.48, 8.63, -8.84, 5.47, 32.0349563, 118.8137771, 16.4978079, 32.0349635, 118.8137882, 16.4875374, 0.00, 0.00, 0.00, 0.00, 0.00, 
7.58, -9.64, 5.48, 8.71, -8.77, 5.47, 32.0349563, 118.8137771, 16.4978079, 32.0349641, 118.8137891, 16.4875374, 0.00, 0.00, 0.00, 0.00, 0.00, 
7.58, -9.64, 5.48, 8.79, -8.71, 5.47, 32.0349563, 118.8137771, 16.4978079, 32.0349647, 118.8137899, 16.4875374, 0.00, 0.00, 0.00, 0.00, 0.00, 
7.58, -9.64, 5.48, 8.86, -8.64, 5.47, 32.0349563, 118.8137771, 16.4978079, 32.0349653, 118.8137907, 16.4875374, 0.00, 0.00, 0.00, 0.00, 0.00, 
7.58, -9.64, 5.48, 8.94, -8.56, 5.47, 32.0349563, 118.8137771, 16.4978079, 32.0349660, 118.8137915, 16.4875374, 0.00, 0.00, 0.00, 0.00, 0.00, 
7.58, -9.64, 5.48, 8.39, -8.89, 5.42, 32.0349599, 118.8137837, 16.5478277, 32.0349666, 118.8137923, 16.4875374, 0.00, 0.00, 0.00, 0.00, 0.00, 
8.12, -9.25, 5.48, 9.01, -8.42, 5.42, 32.0349599, 118.8137837, 16.5478277, 32.0349673, 118.8137931, 16.4875374, 0.00, 0.00, 0.00, 0.00, 0.00, 
8.12, -9.25, 5.48, 9.08, -8.35, 5.42, 32.0349599, 118.8137837, 16.5478277, 32.0349680, 118.8137938, 16.4875374, 0.00, 0.00, 0.00, 0.00, 0.00, 
8.12, -9.25, 5.48, 9.15, -8.27, 5.42, 32.0349599, 118.8137837, 16.5478277, 32.0349687, 118.8137946, 16.4875374, 0.00, 0.00, 0.00, 0.00, 0.00, 
8.12, -9.25, 5.48, 9.22, -8.19, 5.42, 32.0349599, 118.8137837, 16.5478277, 32.0349694, 118.8137953, 16.4875374, 0.00, 0.00, 0.00, 0.00, 0.00, 
8.12, -9.25, 5.48, 9.28, -8.11, 5.42, 32.0349599, 118.8137837, 16.5478277, 32.0349702, 118.8137960, 16.4875374, 0.00, 0.00, 0.00, 0.00, 0.00, 
8.12, -9.25, 5.48, 9.01, -8.39, 5.34, 32.0349632, 118.8137873, 16.6278377, 32.0349709, 118.8137967, 16.4875374, 0.00, 0.00, 0.00, 0.00, 0.00, 
8.52, -8.82, 5.52, 9.47, -7.88, 5.38, 32.0349632, 118.8137873, 16.6278377, 32.0349717, 118.8137973, 16.4875374, 0.00, 0.00, 0.00, 0.00, 0.00, 
8.52, -8.82, 5.52, 9.53, -7.80, 5.38, 32.0349632, 118.8137873, 16.6278377, 32.0349724, 118.8137980, 16.4875374, 0.00, 0.00, 0.00, 0.00, 0.00, 
8.52, -8.82, 5.52, 9.59, -7.71, 5.38, 32.0349632, 118.8137873, 16.6278377, 32.0349732, 118.8137986, 16.4875374, 0.00, 0.00, 0.00, 0.00, 0.00, 
8.52, -8.82, 5.52, 9.65, -7.62, 5.38, 32.0349632, 118.8137873, 16.6278377, 32.0349740, 118.8137992, 16.4875374, 0.00, 0.00, 0.00, 0.00, 0.00, 
8.52, -8.82, 5.52, 9.70, -7.53, 5.38, 32.0349632, 118.8137873, 16.6278377, 32.0349748, 118.8137998, 16.4875374, 0.00, 0.00, 0.00, 0.00, 0.00, 
8.52, -8.82, 5.52, 9.76, -7.44, 5.38, 32.0349632, 118.8137873, 16.6278377, 32.0349756, 118.8138004, 16.4875374, 0.00, 0.00, 0.00, 0.00, 0.00, 
8.52, -8.82, 5.52, 9.36, -7.78, 5.42, 32.0349671, 118.8137921, 16.5878513, 32.0349764, 118.8138009, 16.4875374, 0.00, 0.00, 0.00, 0.00, 0.00, 
8.96, -8.36, 5.46, 9.85, -7.23, 5.36, 32.0349671, 118.8137921, 16.5878513, 32.0349772, 118.8138015, 16.4875374, 0.00, 0.00, 0.00, 0.00, 0.00, 
8.96, -8.36, 5.46, 9.90, -7.14, 5.36, 32.0349671, 118.8137921, 16.5878513, 32.0349781, 118.8138020, 16.4875374, 0.00, 0.00, 0.00, 0.00, 0.00, 
8.96, -8.36, 5.46, 9.94, -7.04, 5.36, 32.0349671, 118.8137921, 16.5878513, 32.0349789, 118.8138025, 16.4875374, 0.00, 0.00, 0.00, 0.00, 0.00, 
8.96, -8.36, 5.46, 9.99, -6.95, 5.36, 32.0349671, 118.8137921, 16.5878513, 32.0349798, 118.8138029, 16.4875374, 0.00, 0.00, 0.00, 0.00, 0.00, 
8.96, -8.36, 5.46, 10.03, -6.85, 5.36, 32.0349671, 118.8137921, 16.5878513, 32.0349807, 118.8138034, 16.4875374, 0.00, 0.00, 0.00, 0.00, 0.00, 
8.96, -8.36, 5.46, 10.07, -6.76, 5.36, 32.0349671, 118.8137921, 16.5878513, 32.0349815, 118.8138038, 16.4875374, 0.00, 0.00, 0.00, 0.00, 0.00, 
8.96, -8.36, 5.46, 9.56, -7.24, 5.29, 32.0349723, 118.8137979, 16.6578675, 32.0349824, 118.8138042, 16.4875374, 0.00, 0.00, 0.00, 0.00, 0.00, 
9.47, -7.82, 5.44, 10.10, -6.60, 5.27, 32.0349723, 118.8137979, 16.6578675, 32.0349833, 118.8138046, 16.4875374, 0.00, 0.00, 0.00, 0.00, 0.00, 
9.47, -7.82, 5.44, 10.14, -6.50, 5.27, 32.0349723, 118.8137979, 16.6578675, 32.0349842, 118.8138050, 16.4875374, 0.00, 0.00, 0.00, 0.00, 0.00, 
9.47, -7.82, 5.44, 10.17, -6.40, 5.27, 32.0349723, 118.8137979, 16.6578675, 32.0349851, 118.8138053, 16.4875374, 0.00, 0.00, 0.00, 0.00, 0.00, 
9.47, -7.82, 5.44, 10.20, -6.30, 5.27, 32.0349723, 118.8137979, 16.6578675, 32.0349860, 118.8138056, 16.4875374, 0.00, 0.00, 0.00, 0.00, 0.00, 
9.47, -7.82, 5.44, 9.85, -6.80, 5.20, 32.0349777, 118.8138019, 16.7278775, 32.0349869, 118.8138059, 16.4875374, 0.00, 0.00, 0.00, 0.00, 0.00, 
9.47, -7.82, 5.44, 9.88, -6.70, 5.20, 32.0349777, 118.8138019, 16.7278775, 32.0349878, 118.8138062, 16.4875374, 0.00, 0.00, 0.00, 0.00, 0.00, 
9.88, -7.16, 5.42, 10.30, -5.94, 5.18, 32.0349777, 118.8138019, 16.7278775, 32.0349887, 118.8138064, 16.4875374, 0.00, 0.00, 0.00, 0.00, 0.00, 
9.88, -7.16, 5.42, 10.33, -5.84, 5.18, 32.0349777, 118.8138019, 16.7278775, 32.0349897, 118.8138066, 16.4875374, 0.00, 0.00, 0.00, 0.00, 0.00, 
9.88, -7.16, 5.42, 10.34, -5.74, 5.18, 32.0349777, 118.8138019, 16.7278775, 32.0349906, 118.8138069, 16.4875374, 0.00, 0.00, 0.00, 0.00, 0.00, 
9.88, -7.16, 5.42, 10.36, -5.63, 5.18, 32.0349777, 118.8138019, 16.7278775, 32.0349915, 118.8138070, 16.4875374, 0.00, 0.00, 0.00, 0.00, 0.00, 
9.88, -7.16, 5.42, 10.38, -5.53, 5.18, 32.0349777, 118.8138019, 16.7278775, 32.0349925, 118.8138072, 16.4875374, 0.00, 0.00, 0.00, 0.00, 0.00, 
10.04, -6.80, 5.31, 10.31, -5.48, 5.11, 32.0349815, 118.8138045, 16.6878838, 32.0349934, 118.8138073, 16.4875374, 0.00, 0.00, 0.00, 0.00, 0.00, 
10.04, -6.80, 5.31, 10.32, -5.38, 5.11, 32.0349815, 118.8138045, 16.6878838, 32.0349943, 118.8138074, 16.4875374, 0.00, 0.00, 0.00, 0.00, 0.00, 
10.04, -6.80, 5.31, 10.33, -5.27, 5.11, 32.0349815, 118.8138045, 16.6878838, 32.0349953, 118.8138075, 16.4875374, 0.00, 0.00, 0.00, 0.00, 0.00, 
10.04, -6.80, 5.31, 10.33, -5.17, 5.11, 32.0349815, 118.8138045, 16.6878838, 32.0349962, 118.8138076, 16.4875374, 0.00, 0.00, 0.00, 0.00, 0.00, 
10.04, -6.80, 5.31, 10.34, -5.06, 5.11, 32.0349815, 118.8138045, 16.6878838, 32.0349972, 118.8138076, 16.4875374, 0.00, 0.00, 0.00, 0.00, 0.00, 
10.04, -6.80, 5.31, 10.34, -4.96, 5.11, 32.0349815, 118.8138045, 16.6878838, 32.0349981, 118.8138076, 16.4875374, 0.00, 0.00, 0.00, 0.00, 0.00, 
10.04, -6.80, 5.31, 10.34, -4.86, 5.11, 32.0349815, 118.8138045, 16.6878838, 32.0349990, 118.8138076, 16.4875374, 0.00, 0.00, 0.00, 0.00, 0.00, 
10.04, -6.80, 5.31, 10.22, -5.15, 5.21, 32.0349851, 118.8138057, 16.5878856, 32.0350000, 118.8138076, 16.4875374, 0.00, 0.00, 0.00, 0.00, 0.00, 
10.04, -6.80, 5.31, 10.22, -5.05, 5.21, 32.0349851, 118.8138057, 16.5878856, 32.0350009, 118.8138076, 16.4875374, 0.00, 0.00, 0.00, 0.00, 0.00, 
10.22, -6.28, 5.25, 10.39, -4.42, 5.15, 32.0349851, 118.8138057, 16.5878856, 32.0350019, 118.8138075, 16.4875374, 0.00, 0.00, 0.00, 0.00, 0.00, 
10.22, -6.28, 5.25, 10.38, -4.31, 5.15, 32.0349851, 118.8138057, 16.5878856, 32.0350028, 118.8138074, 16.4875374, 0.00, 0.00, 0.00, 0.00, 0.00, 
10.22, -6.28, 5.25, 10.37, -4.21, 5.15, 32.0349851, 118.8138057, 16.5878856, 32.0350038, 118.8138073, 16.4875374, 0.00, 0.00, 0.00, 0.00, 0.00, 
10.22, -6.28, 5.25, 10.35, -4.10, 5.15, 32.0349851, 118.8138057, 16.5878856, 32.0350047, 118.8138071, 16.4875374, 0.00, 0.00, 0.00, 0.00, 0.00, 
10.35, -5.46, 5.20, 10.22, -4.05, 5.11, 32.0349929, 118.8138083, 16.5778895, 32.0350056, 118.8138070, 16.4875374, 0.00, 0.00, 0.00, 0.00, 0.00, 
10.35, -5.46, 5.20, 10.21, -3.95, 5.11, 32.0349929, 118.8138083, 16.5778895, 32.0350066, 118.8138068, 16.4875374, 0.00, 0.00, 0.00, 0.00, 0.00, 
10.35, -5.46, 5.20, 10.19, -3.85, 5.11, 32.0349929, 118.8138083, 16.5778895, 32.0350075, 118.8138066, 16.4875374, 0.00, 0.00, 0.00, 0.00, 0.00, 
10.35, -5.46, 5.20, 10.16, -3.75, 5.11, 32.0349929, 118.8138083, 16.5778895, 32.0350084, 118.8138063, 16.4875374, 0.00, 0.00, 0.00, 0.00, 0.00, 
10.35, -5.46, 5.20, 10.14, -3.64, 5.11, 32.0349929, 118.8138083, 16.5778895, 32.0350093, 118.8138061, 16.4875374, 0.00, 0.00, 0.00, 0.00, 0.00, 
10.35, -5.46, 5.20, 10.17, -4.14, 5.04, 32.0349983, 118.8138077, 16.6478842, 32.0350102, 118.8138058, 16.4875374, 0.00, 0.00, 0.00, 0.00, 0.00, 
10.29, -4.92, 5.32, 10.08, -3.49, 5.16, 32.0349983, 118.8138077, 16.6478842, 32.0350111, 118.8138055, 16.4875374, 0.00, 0.00, 0.00, 0.00, 0.00, 
10.29, -4.92, 5.32, 10.05, -3.39, 5.16, 32.0349983, 118.8138077, 16.6478842, 32.0350121, 118.8138052, 16.4875374, 0.00, 0.00, 0.00, 0.00, 0.00, 
10.29, -4.92, 5.32, 10.02, -3.29, 5.16, 32.0349983, 118.8138077, 16.6478842, 32.0350129, 118.8138048, 16.4875374, 0.00, 0.00, 0.00, 0.00, 0.00, 
10.29, -4.92, 5.32, 9.98, -3.19, 5.16, 32.0349983, 118.8138077, 16.6478842, 32.0350138, 118.8138044, 16.4875374, 0.00, 0.00, 0.00, 0.00, 0.00, 
10.29, -4.92, 5.32, 9.94, -3.75, 5.36, 32.0350042, 118.8138078, 16.4478809, 32.0350147, 118.8138040, 16.4875374, 0.00, 0.00, 0.00, 0.00, 0.00, 
10.28, -4.18, 5.16, 9.89, -2.91, 5.20, 32.0350042, 118.8138078, 16.4478809, 32.0350156, 118.8138036, 16.4875374, 0.00, 0.00, 0.00, 0.00, 0.00, 
10.28, -4.18, 5.16, 9.85, -2.82, 5.20, 32.0350042, 118.8138078, 16.4478809, 32.0350165, 118.8138032, 16.4875374, 0.00, 0.00, 0.00, 0.00, 0.00, 
10.28, -4.18, 5.16, 9.81, -2.72, 5.20, 32.0350042, 118.8138078, 16.4478809, 32.0350173, 118.8138027, 16.4875374, 0.00, 0.00, 0.00, 0.00, 0.00, 
10.28, -4.18, 5.16, 9.76, -2.63, 5.20, 32.0350042, 118.8138078, 16.4478809, 32.0350182, 118.8138023, 16.4875374, 0.00, 0.00, 0.00, 0.00, 0.00, 
10.28, -4.18, 5.16, 9.72, -2.53, 5.20, 32.0350042, 118.8138078, 16.4478809, 32.0350190, 118.8138018, 16.4875374, 0.00, 0.00, 0.00, 0.00, 0.00, 
10.12, -3.67, 5.18, 9.65, -2.54, 5.22, 32.0350097, 118.8138063, 16.4478725, 32.0350199, 118.8138013, 16.4875374, 0.00, 0.00, 0.00, 0.00, 0.00, 
10.12, -3.67, 5.18, 9.60, -2.45, 5.22, 32.0350097, 118.8138063, 16.4478725, 32.0350207, 118.8138007, 16.4875374, 0.00, 0.00, 0.00, 0.00, 0.00, 
10.12, -3.67, 5.18, 9.54, -2.36, 5.22, 32.0350097, 118.8138063, 16.4478725, 32.0350215, 118.8138002, 16.4875374, 0.00, 0.00, 0.00, 0.00, 0.00, 
10.12, -3.67, 5.18, 9.49, -2.27, 5.22, 32.0350097, 118.8138063, 16.4478725, 32.0350223, 118.8137996, 16.4875374, 0.00, 0.00, 0.00, 0.00, 0.00, 
10.12, -3.67, 5.18, 9.43, -2.18, 5.22, 32.0350097, 118.8138063, 16.4478725, 32.0350231, 118.8137990, 16.4875374, 0.00, 0.00, 0.00, 0.00, 0.00, 
9.88, -3.08, 5.28, 9.38, -2.11, 5.21, 32.0350152, 118.8138037, 16.5578605, 32.0350239, 118.8137984, 16.4875374, 0.00, 0.00, 0.00, 0.00, 0.00, 
9.88, -3.08, 5.28, 9.32, -2.03, 5.21, 32.0350152, 118.8138037, 16.5578605, 32.0350247, 118.8137977, 16.4875374, 0.00, 0.00, 0.00, 0.00, 0.00, 
9.88, -3.08, 5.28, 9.25, -1.94, 5.21, 32.0350152, 118.8138037, 16.5578605, 32.0350254, 118.8137971, 16.4875374, 0.00, 0.00, 0.00, 0.00, 0.00, 
9.88, -3.08, 5.28, 9.19, -1.86, 5.21, 32.0350152, 118.8138037, 16.5578605, 32.0350262, 118.8137964, 16.4875374, 0.00, 0.00, 0.00, 0.00, 0.00, 
9.88, -3.08, 5.28, 9.12, -1.78, 5.21, 32.0350152, 118.8138037, 16.5578605, 32.0350269, 118.8137957, 16.4875374, 0.00, 0.00, 0.00, 0.00, 0.00, 
9.88, -3.08, 5.28, 9.06, -1.70, 5.21, 32.0350152, 118.8138037, 16.5578605, 32.0350276, 118.8137950, 16.4875374, 0.00, 0.00, 0.00, 0.00, 0.00, 
9.88, -3.08, 5.28, 9.26, -2.21, 5.28, 32.0350205, 118.8138008, 16.4878476, 32.0350283, 118.8137943, 16.4875374, 0.00, 0.00, 0.00, 0.00, 0.00, 
9.58, -2.45, 5.24, 8.89, -1.50, 5.24, 32.0350205, 118.8138008, 16.4878476, 32.0350290, 118.8137935, 16.4875374, 0.00, 0.00, 0.00, 0.00, 0.00, 
9.58, -2.45, 5.24, 8.82, -1.43, 5.24, 32.0350205, 118.8138008, 16.4878476, 32.0350297, 118.8137928, 16.4875374, 0.00, 0.00, 0.00, 0.00, 0.00, 
9.58, -2.45, 5.24, 8.75, -1.35, 5.24, 32.0350205, 118.8138008, 16.4878476, 32.0350304, 118.8137920, 16.4875374, 0.00, 0.00, 0.00, 0.00, 0.00, 
9.58, -2.45, 5.24, 8.96, -1.75, 5.27, 32.0350247, 118.8137978, 16.4578350, 32.0350311, 118.8137912, 16.4875374, 0.00, 0.00, 0.00, 0.00, 0.00, 
9.30, -1.98, 5.22, 8.60, -1.20, 5.25, 32.0350247, 118.8137978, 16.4578350, 32.0350317, 118.8137904, 16.4875374, 0.00, 0.00, 0.00, 0.00, 0.00, 
9.30, -1.98, 5.22, 8.52, -1.13, 5.25, 32.0350247, 118.8137978, 16.4578350, 32.0350323, 118.8137895, 16.4875374, 0.00, 0.00, 0.00, 0.00, 0.00, 
9.30, -1.98, 5.22, 8.44, -1.07, 5.25, 32.0350247, 118.8137978, 16.4578350, 32.0350329, 118.8137887, 16.4875374, 0.00, 0.00, 0.00, 0.00, 0.00, 
9.30, -1.98, 5.22, 8.36, -1.00, 5.25, 32.0350247, 118.8137978, 16.4578350, 32.0350335, 118.8137878, 16.4875374, 0.00, 0.00, 0.00, 0.00, 0.00, 
9.30, -1.98, 5.22, 8.28, -0.93, 5.25, 32.0350247, 118.8137978, 16.4578350, 32.0350341, 118.8137870, 16.4875374, 0.00, 0.00, 0.00, 0.00, 0.00, 
9.30, -1.98, 5.22, 8.20, -0.87, 5.25, 32.0350247, 118.8137978, 16.4578350, 32.0350347, 118.8137861, 16.4875374, 0.00, 0.00, 0.00, 0.00, 0.00, 
9.07, -1.61, 5.29, 8.15, -0.84, 5.31, 32.0350283, 118.8137949, 16.4678231, 32.0350352, 118.8137852, 16.4875355, 0.00, 0.00, 0.00, 0.00, 0.00, 
9.07, -1.61, 5.29, 8.06, -0.78, 5.31, 32.0350283, 118.8137949, 16.4678231, 32.0350358, 118.8137843, 16.4875355, 0.00, 0.00, 0.00, 0.00, 0.00, 
9.07, -1.61, 5.29, 7.97, -0.72, 5.31, 32.0350283, 118.8137949, 16.4678231, 32.0350363, 118.8137833, 16.4875355, 0.00, 0.00, 0.00, 0.00, 0.00, 
9.07, -1.61, 5.29, 7.89, -0.67, 5.31, 32.0350283, 118.8137949, 16.4678231, 32.0350368, 118.8137824, 16.4875355, 0.00, 0.00, 0.00, 0.00, 0.00, 
9.07, -1.61, 5.29, 7.80, -0.61, 5.31, 32.0350283, 118.8137949, 16.4678231, 32.0350373, 118.8137815, 16.4875355, 0.00, 0.00, 0.00, 0.00, 0.00, 
8.83, -1.40, 5.28, 7.66, -0.58, 5.29, 32.0350304, 118.8137929, 16.4778152, 32.0350378, 118.8137805, 16.4875355, 0.00, 0.00, 0.00, 0.00, 0.00, 
8.83, -1.40, 5.28, 7.57, -0.53, 5.29, 32.0350304, 118.8137929, 16.4778152, 32.0350382, 118.8137795, 16.4875355, 0.00, 0.00, 0.00, 0.00, 0.00, 
8.83, -1.40, 5.28, 7.47, -0.48, 5.29, 32.0350304, 118.8137929, 16.4778152, 32.0350386, 118.8137785, 16.4875355, 0.00, 0.00, 0.00, 0.00, 0.00, 
8.83, -1.40, 5.28, 7.38, -0.44, 5.29, 32.0350304, 118.8137929, 16.4778152, 32.0350391, 118.8137775, 16.4875355, 0.00, 0.00, 0.00, 0.00, 0.00, 
8.40, -1.06, 5.30, 7.25, -0.38, 5.33, 32.0350333, 118.8137887, 16.4577994, 32.0350395, 118.8137765, 16.4875355, 0.00, 0.00, 0.00, 0.00, 0.00, 
8.40, -1.06, 5.30, 7.15, -0.34, 5.33, 32.0350333, 118.8137887, 16.4577994, 32.0350398, 118.8137755, 16.4875355, 0.00, 0.00, 0.00, 0.00, 0.00, 
8.40, -1.06, 5.30, 7.05, -0.30, 5.33, 32.0350333, 118.8137887, 16.4577994, 32.0350402, 118.8137745, 16.4875355, 0.00, 0.00, 0.00, 0.00, 0.00, 
8.40, -1.06, 5.30, 6.96, -0.26, 5.33, 32.0350333, 118.8137887, 16.4577994, 32.0350405, 118.8137735, 16.4875355, 0.00, 0.00, 0.00, 0.00, 0.00, 
8.40, -1.06, 5.30, 6.86, -0.22, 5.33, 32.0350333, 118.8137887, 16.4577994, 32.0350409, 118.8137724, 16.4875355, 0.00, 0.00, 0.00, 0.00, 0.00, 
8.40, -1.06, 5.30, 6.76, -0.19, 5.33, 32.0350333, 118.8137887, 16.4577994, 32.0350412, 118.8137714, 16.4875355, 0.00, 0.00, 0.00, 0.00, 0.00, 
7.96, -0.74, 5.35, 6.60, -0.15, 5.32, 32.0350361, 118.8137847, 16.5177843, 32.0350415, 118.8137703, 16.4875355, 0.00, 0.00, 0.00, 0.00, 0.00, 
7.96, -0.74, 5.35, 6.50, -0.12, 5.32, 32.0350361, 118.8137847, 16.5177843, 32.0350417, 118.8137693, 16.4875355, 0.00, 0.00, 0.00, 0.00, 0.00, 
7.96, -0.74, 5.35, 6.40, -0.09, 5.32, 32.0350361, 118.8137847, 16.5177843, 32.0350420, 118.8137682, 16.4875355, 0.00, 0.00, 0.00, 0.00, 0.00, 
7.96, -0.74, 5.35, 6.29, -0.07, 5.32, 32.0350361, 118.8137847, 16.5177843, 32.0350422, 118.8137671, 16.4875355, 0.00, 0.00, 0.00, 0.00, 0.00, 
7.96, -0.74, 5.35, 6.19, -0.04, 5.32, 32.0350361, 118.8137847, 16.5177843, 32.0350424, 118.8137660, 16.4875355, 0.00, 0.00, 0.00, 0.00, 0.00, 
7.52, -0.51, 5.34, 6.12, -0.05, 5.30, 32.0350385, 118.8137797, 16.5277662, 32.0350426, 118.8137649, 16.4875355, 0.00, 0.00, 0.00, 0.00, 0.00, 
7.52, -0.51, 5.34, 6.02, -0.03, 5.30, 32.0350385, 118.8137797, 16.5277662, 32.0350428, 118.8137639, 16.4875355, 0.00, 0.00, 0.00, 0.00, 0.00, 
7.52, -0.51, 5.34, 5.92, -0.01, 5.30, 32.0350385, 118.8137797, 16.5277662, 32.0350429, 118.8137628, 16.4875355, 0.00, 0.00, 0.00, 0.00, 0.00, 
7.52, -0.51, 5.34, 5.81, 0.00, 5.30, 32.0350385, 118.8137797, 16.5277662, 32.0350431, 118.8137617, 16.4875355, 0.00, 0.00, 0.00, 0.00, 0.00, 
7.04, -0.29, 5.37, 5.74, -0.01, 5.31, 32.0350406, 118.8137743, 16.5477469, 32.0350432, 118.8137606, 16.4875355, 0.00, 0.00, 0.00, 0.00, 0.00, 
7.04, -0.29, 5.37, 5.64, 0.00, 5.31, 32.0350406, 118.8137743, 16.5477469, 32.0350433, 118.8137595, 16.4875336, 0.00, 0.00, 0.00, 0.00, 0.00, 
7.04, -0.29, 5.37, 5.53, 0.01, 5.31, 32.0350406, 118.8137743, 16.5477469, 32.0350434, 118.8137584, 16.4875336, 0.00, 0.00, 0.00, 0.00, 0.00, 
7.04, -0.29, 5.37, 5.43, 0.02, 5.31, 32.0350406, 118.8137743, 16.5477469, 32.0350434, 118.8137573, 16.4875336, 0.00, 0.00, 0.00, 0.00, 0.00, 
7.04, -0.29, 5.37, 5.32, 0.02, 5.31, 32.0350406, 118.8137743, 16.5477469, 32.0350435, 118.8137561, 16.4875336, 0.00, 0.00, 0.00, 0.00, 0.00, 
7.04, -0.29, 5.37, 5.79, -0.17, 5.28, 32.0350423, 118.8137682, 16.5777255, 32.0350435, 118.8137550, 16.4875336, 0.00, 0.00, 0.00, 0.00, 0.00, 
6.48, -0.12, 5.35, 5.13, 0.01, 5.26, 32.0350423, 118.8137682, 16.5777255, 32.0350435, 118.8137539, 16.4875336, 0.00, 0.00, 0.00, 0.00, 0.00, 
6.48, -0.12, 5.35, 5.02, 0.01, 5.26, 32.0350423, 118.8137682, 16.5777255, 32.0350434, 118.8137528, 16.4875336, 0.00, 0.00, 0.00, 0.00, 0.00, 
6.48, -0.12, 5.35, 4.92, 0.00, 5.26, 32.0350423, 118.8137682, 16.5777255, 32.0350434, 118.8137517, 16.4875336, 0.00, 0.00, 0.00, 0.00, 0.00, 
6.48, -0.12, 5.35, 5.30, -0.17, 5.25, 32.0350438, 118.8137631, 16.5877076, 32.0350433, 118.8137506, 16.4875336, 0.00, 0.00, 0.00, 0.00, 0.00, 
5.98, 0.01, 5.37, 4.70, -0.05, 5.27, 32.0350438, 118.8137631, 16.5877076, 32.0350432, 118.8137495, 16.4875336, 0.00, 0.00, 0.00, 0.00, 0.00, 
5.98, 0.01, 5.37, 4.60, -0.06, 5.27, 32.0350438, 118.8137631, 16.5877076, 32.0350431, 118.8137484, 16.4875336, 0.00, 0.00, 0.00, 0.00, 0.00, 
5.98, 0.01, 5.37, 4.49, -0.08, 5.27, 32.0350438, 118.8137631, 16.5877076, 32.0350430, 118.8137473, 16.4875336, 0.00, 0.00, 0.00, 0.00, 0.00, 
5.98, 0.01, 5.37, 4.39, -0.09, 5.27, 32.0350438, 118.8137631, 16.5877076, 32.0350429, 118.8137462, 16.4875336, 0.00, 0.00, 0.00, 0.00, 0.00, 
5.98, 0.01, 5.37, 4.29, -0.11, 5.27, 32.0350438, 118.8137631, 16.5877076, 32.0350427, 118.8137451, 16.4875336, 0.00, 0.00, 0.00, 0.00, 0.00, 
5.57, 0.05, 5.34, 4.19, -0.18, 5.20, 32.0350446, 118.8137587, 16.6276924, 32.0350425, 118.8137440, 16.4875336, 0.00, 0.00, 0.00, 0.00, 0.00, 
5.57, 0.05, 5.34, 4.08, -0.20, 5.20, 32.0350446, 118.8137587, 16.6276924, 32.0350423, 118.8137429, 16.4875336, 0.00, 0.00, 0.00, 0.00, 0.00, 
5.57, 0.05, 5.34, 3.98, -0.23, 5.20, 32.0350446, 118.8137587, 16.6276924, 32.0350421, 118.8137419, 16.4875336, 0.00, 0.00, 0.00, 0.00, 0.00, 
5.57, 0.05, 5.34, 3.88, -0.25, 5.20, 32.0350446, 118.8137587, 16.6276924, 32.0350419, 118.8137408, 16.4875336, 0.00, 0.00, 0.00, 0.00, 0.00, 
5.57, 0.05, 5.34, 4.33, -0.25, 5.26, 32.0350443, 118.8137529, 16.5676733, 32.0350416, 118.8137397, 16.4875336, 0.00, 0.00, 0.00, 0.00, 0.00, 
5.57, 0.05, 5.34, 4.23, -0.28, 5.26, 32.0350443, 118.8137529, 16.5676733, 32.0350413, 118.8137387, 16.4875336, 0.00, 0.00, 0.00, 0.00, 0.00, 
4.97, 0.02, 5.34, 3.53, -0.34, 5.26, 32.0350443, 118.8137529, 16.5676733, 32.0350410, 118.8137376, 16.4875336, 0.00, 0.00, 0.00, 0.00, 0.00, 
4.97, 0.02, 5.34, 3.43, -0.37, 5.26, 32.0350443, 118.8137529, 16.5676733, 32.0350407, 118.8137366, 16.4875336, 0.00, 0.00, 0.00, 0.00, 0.00, 
4.97, 0.02, 5.34, 3.33, -0.41, 5.26, 32.0350443, 118.8137529, 16.5676733, 32.0350404, 118.8137355, 16.4875336, 0.00, 0.00, 0.00, 0.00, 0.00, 
4.97, 0.02, 5.34, 3.83, -0.36, 5.37, 32.0350435, 118.8137466, 16.4576527, 32.0350401, 118.8137345, 16.4875336, 0.00, 0.00, 0.00, 0.00, 0.00, 
4.34, -0.07, 5.23, 3.10, -0.50, 5.26, 32.0350435, 118.8137466, 16.4576527, 32.0350397, 118.8137335, 16.4875317, 0.00, 0.00, 0.00, 0.00, 0.00, 
4.34, -0.07, 5.23, 3.01, -0.54, 5.26, 32.0350435, 118.8137466, 16.4576527, 32.0350393, 118.8137325, 16.4875317, 0.00, 0.00, 0.00, 0.00, 0.00, 
4.34, -0.07, 5.23, 2.91, -0.58, 5.26, 32.0350435, 118.8137466, 16.4576527, 32.0350389, 118.8137315, 16.4875317, 0.00, 0.00, 0.00, 0.00, 0.00, 
4.34, -0.07, 5.23, 2.82, -0.63, 5.26, 32.0350435, 118.8137466, 16.4576527, 32.0350385, 118.8137305, 16.4875317, 0.00, 0.00, 0.00, 0.00, 0.00, 
4.34, -0.07, 5.23, 3.30, -0.47, 5.18, 32.0350416, 118.8137405, 16.5376336, 32.0350380, 118.8137295, 16.4875317, 0.00, 0.00, 0.00, 0.00, 0.00, 
3.89, -0.28, 5.31, 2.76, -0.73, 5.26, 32.0350416, 118.8137405, 16.5376336, 32.0350376, 118.8137285, 16.4875317, 0.00, 0.00, 0.00, 0.00, 0.00, 
3.89, -0.28, 5.31, 2.67, -0.78, 5.26, 32.0350416, 118.8137405, 16.5376336, 32.0350371, 118.8137276, 16.4875317, 0.00, 0.00, 0.00, 0.00, 0.00, 
3.89, -0.28, 5.31, 2.58, -0.84, 5.26, 32.0350416, 118.8137405, 16.5376336, 32.0350366, 118.8137266, 16.4875317, 0.00, 0.00, 0.00, 0.00, 0.00, 
3.89, -0.28, 5.31, 2.49, -0.89, 5.26, 32.0350416, 118.8137405, 16.5376336, 32.0350361, 118.8137257, 16.4875317, 0.00, 0.00, 0.00, 0.00, 0.00, 
3.89, -0.28, 5.31, 2.77, -0.78, 5.20, 32.0350401, 118.8137367, 16.5976218, 32.0350356, 118.8137248, 16.4875317, 0.00, 0.00, 0.00, 0.00, 0.00, 
3.41, -0.48, 5.36, 2.19, -1.04, 5.25, 32.0350401, 118.8137367, 16.5976218, 32.0350350, 118.8137239, 16.4875317, 0.00, 0.00, 0.00, 0.00, 0.00, 
3.41, -0.48, 5.36, 2.11, -1.10, 5.25, 32.0350401, 118.8137367, 16.5976218, 32.0350345, 118.8137230, 16.4875317, 0.00, 0.00, 0.00, 0.00, 0.00, 
3.41, -0.48, 5.36, 2.03, -1.17, 5.25, 32.0350401, 118.8137367, 16.5976218, 32.0350339, 118.8137221, 16.4875317, 0.00, 0.00, 0.00, 0.00, 0.00, 
3.41, -0.48, 5.36, 1.94, -1.23, 5.25, 32.0350401, 118.8137367, 16.5976218, 32.0350333, 118.8137212, 16.4875317, 0.00, 0.00, 0.00, 0.00, 0.00, 
3.41, -0.48, 5.36, 2.39, -1.11, 5.43, 32.0350384, 118.8137311, 16.4176042, 32.0350327, 118.8137204, 16.4875317, 0.00, 0.00, 0.00, 0.00, 0.00, 
2.89, -0.63, 5.26, 1.79, -1.33, 5.33, 32.0350384, 118.8137311, 16.4176042, 32.0350321, 118.8137195, 16.4875317, 0.00, 0.00, 0.00, 0.00, 0.00, 
2.89, -0.63, 5.26, 1.72, -1.40, 5.33, 32.0350384, 118.8137311, 16.4176042, 32.0350314, 118.8137187, 16.4875317, 0.00, 0.00, 0.00, 0.00, 0.00, 
2.89, -0.63, 5.26, 1.64, -1.47, 5.33, 32.0350384, 118.8137311, 16.4176042, 32.0350308, 118.8137179, 16.4875317, 0.00, 0.00, 0.00, 0.00, 0.00, 
2.89, -0.63, 5.26, 1.57, -1.54, 5.33, 32.0350384, 118.8137311, 16.4176042, 32.0350301, 118.8137171, 16.4875317, 0.00, 0.00, 0.00, 0.00, 0.00, 
2.89, -0.63, 5.26, 1.49, -1.62, 5.33, 32.0350384, 118.8137311, 16.4176042, 32.0350294, 118.8137163, 16.4875317, 0.00, 0.00, 0.00, 0.00, 0.00, 
2.54, -0.86, 5.33, 1.53, -1.72, 5.31, 32.0350365, 118.8137263, 16.5075893, 32.0350288, 118.8137156, 16.4875317, 0.00, 0.00, 0.00, 0.00, 0.00, 
2.54, -0.86, 5.33, 1.46, -1.79, 5.31, 32.0350365, 118.8137263, 16.5075893, 32.0350280, 118.8137149, 16.4875317, 0.00, 0.00, 0.00, 0.00, 0.00, 
2.54, -0.86, 5.33, 1.39, -1.87, 5.31, 32.0350365, 118.8137263, 16.5075893, 32.0350273, 118.8137141, 16.4875317, 0.00, 0.00, 0.00, 0.00, 0.00, 
2.54, -0.86, 5.33, 1.33, -1.95, 5.31, 32.0350365, 118.8137263, 16.5075893, 32.0350266, 118.8137134, 16.4875317, 0.00, 0.00, 0.00, 0.00, 0.00, 
2.54, -0.86, 5.33, 1.26, -2.04, 5.31, 32.0350365, 118.8137263, 16.5075893, 32.0350259, 118.8137127, 16.4875317, 0.00, 0.00, 0.00, 0.00, 0.00, 
2.25, -1.12, 5.45, 1.19, -2.16, 5.38, 32.0350344, 118.8137233, 16.5575806, 32.0350251, 118.8137121, 16.4875317, 0.00, 0.00, 0.00, 0.00, 0.00, 
2.25, -1.12, 5.45, 1.13, -2.24, 5.38, 32.0350344, 118.8137233, 16.5575806, 32.0350243, 118.8137114, 16.4875317, 0.00, 0.00, 0.00, 0.00, 0.00, 
2.25, -1.12, 5.45, 1.07, -2.33, 5.38, 32.0350344, 118.8137233, 16.5575806, 32.0350236, 118.8137108, 16.4875317, 0.00, 0.00, 0.00, 0.00, 0.00, 
2.25, -1.12, 5.45, 1.01, -2.41, 5.38, 32.0350344, 118.8137233, 16.5575806, 32.0350228, 118.8137102, 16.4875317, 0.00, 0.00, 0.00, 0.00, 0.00, 
2.25, -1.12, 5.45, 1.44, -2.17, 5.45, 32.0350314, 118.8137182, 16.4875655, 32.0350220, 118.8137096, 16.4875317, 0.00, 0.00, 0.00, 0.00, 0.00, 
1.73, -1.48, 5.34, 0.87, -2.62, 5.34, 32.0350314, 118.8137182, 16.4875655, 32.0350212, 118.8137090, 16.4875317, 0.00, 0.00, 0.00, 0.00, 0.00, 
1.73, -1.48, 5.34, 0.81, -2.71, 5.34, 32.0350314, 118.8137182, 16.4875655, 32.0350203, 118.8137085, 16.4875317, 0.00, 0.00, 0.00, 0.00, 0.00, 
1.73, -1.48, 5.34, 0.76, -2.80, 5.34, 32.0350314, 118.8137182, 16.4875655, 32.0350195, 118.8137080, 16.4875298, 0.00, 0.00, 0.00, 0.00, 0.00, 
1.73, -1.48, 5.34, 0.72, -2.89, 5.34, 32.0350314, 118.8137182, 16.4875655, 32.0350187, 118.8137074, 16.4875298, 0.00, 0.00, 0.00, 0.00, 0.00, 
1.34, -1.87, 5.40, 0.73, -2.98, 5.35, 32.0350278, 118.8137134, 16.5375517, 32.0350178, 118.8137070, 16.4875298, 0.00, 0.00, 0.00, 0.00, 0.00, 
1.34, -1.87, 5.40, 0.68, -3.07, 5.35, 32.0350278, 118.8137134, 16.5375517, 32.0350170, 118.8137065, 16.4875298, 0.00, 0.00, 0.00, 0.00, 0.00, 
1.34, -1.87, 5.40, 0.64, -3.17, 5.35, 32.0350278, 118.8137134, 16.5375517, 32.0350161, 118.8137060, 16.4875298, 0.00, 0.00, 0.00, 0.00, 0.00, 
1.34, -1.87, 5.40, 0.60, -3.26, 5.35, 32.0350278, 118.8137134, 16.5375517, 32.0350152, 118.8137056, 16.4875298, 0.00, 0.00, 0.00, 0.00, 0.00, 
1.34, -1.87, 5.40, 0.56, -3.36, 5.35, 32.0350278, 118.8137134, 16.5375517, 32.0350144, 118.8137052, 16.4875298, 0.00, 0.00, 0.00, 0.00, 0.00, 
1.10, -2.24, 5.44, 0.58, -3.45, 5.34, 32.0350243, 118.8137103, 16.5875435, 32.0350135, 118.8137048, 16.4875298, 0.00, 0.00, 0.00, 0.00, 0.00, 
1.10, -2.24, 5.44, 0.55, -3.55, 5.34, 32.0350243, 118.8137103, 16.5875435, 32.0350126, 118.8137045, 16.4875298, 0.00, 0.00, 0.00, 0.00, 0.00, 
1.10, -2.24, 5.44, 0.51, -3.65, 5.34, 32.0350243, 118.8137103, 16.5875435, 32.0350117, 118.8137041, 16.4875298, 0.00, 0.00, 0.00, 0.00, 0.00, 
1.10, -2.24, 5.44, 0.48, -3.75, 5.34, 32.0350243, 118.8137103, 16.5875435, 32.0350108, 118.8137038, 16.4875298, 0.00, 0.00, 0.00, 0.00, 0.00, 
1.10, -2.24, 5.44, 0.72, -3.38, 5.51, 32.0350201, 118.8137075, 16.4175367, 32.0350099, 118.8137035, 16.4875298, 0.00, 0.00, 0.00, 0.00, 0.00, 
0.78, -2.76, 5.34, 0.37, -3.99, 5.41, 32.0350201, 118.8137075, 16.4175367, 32.0350089, 118.8137033, 16.4875298, 0.00, 0.00, 0.00, 0.00, 0.00, 
0.78, -2.76, 5.34, 0.35, -4.10, 5.41, 32.0350201, 118.8137075, 16.4175367, 32.0350080, 118.8137030, 16.4875298, 0.00, 0.00, 0.00, 0.00, 0.00, 
0.78, -2.76, 5.34, 0.33, -4.20, 5.41, 32.0350201, 118.8137075, 16.4175367, 32.0350071, 118.8137028, 16.4875298, 0.00, 0.00, 0.00, 0.00, 0.00, 
0.78, -2.76, 5.34, 0.31, -4.30, 5.41, 32.0350201, 118.8137075, 16.4175367, 32.0350062, 118.8137026, 16.4875298, 0.00, 0.00, 0.00, 0.00, 0.00, 
0.78, -2.76, 5.34, 0.29, -4.40, 5.41, 32.0350201, 118.8137075, 16.4175367, 32.0350052, 118.8137024, 16.4875298, 0.00, 0.00, 0.00, 0.00, 0.00, 
0.78, -2.76, 5.34, 0.28, -4.51, 5.41, 32.0350201, 118.8137075, 16.4175367, 32.0350043, 118.8137022, 16.4875298, 0.00, 0.00, 0.00, 0.00, 0.00, 
0.78, -2.76, 5.34, 0.58, -4.06, 5.38, 32.0350151, 118.8137042, 16.4475288, 32.0350034, 118.8137021, 16.4875298, 0.00, 0.00, 0.00, 0.00, 0.00, 
0.49, -3.31, 5.41, 0.28, -4.72, 5.45, 32.0350151, 118.8137042, 16.4475288, 32.0350024, 118.8137020, 16.4875298, 0.00, 0.00, 0.00, 0.00, 0.00, 
0.49, -3.31, 5.41, 0.27, -4.82, 5.45, 32.0350151, 118.8137042, 16.4475288, 32.0350015, 118.8137019, 16.4875298, 0.00, 0.00, 0.00, 0.00, 0.00, 
0.49, -3.31, 5.41, 0.27, -4.93, 5.45, 32.0350151, 118.8137042, 16.4475288, 32.0350005, 118.8137018, 16.4875298, 0.00, 0.00, 0.00, 0.00, 0.00, 
0.23, -5.02, 5.45, 0.26, -5.03, 5.45, 32.0349985, 118.8137007, 16.2675273, 32.0349996, 118.8137018, 16.4875298, 0.00, 0.00, 0.00, 0.00, 0.00, 
